

Software Version	3.02.1



Experiment File Path:	C:\Users\Public\Documents\Experiments\culviner\all_toxins_publication\190607_toxins_growth.xpt
Protocol File Path:	C:\Users\Public\Documents\Experiments\culviner\all_toxins_publication\phc_24well_growth_com4.prt



Plate Number	Plate 4
Date	6/7/2019
Time	3:51:46 PM
Reader Type:	Synergy H1
Reader Serial Number:	1902271B
Reading Type	Reader

Procedure Details

Plate Type	24 WELL PLATE
Eject plate on completion	
Set Temperature	Setpoint 37°C
	Preheat before moving to next step
Start Kinetic	Runtime 12:00:00 (HH:MM:SS), Interval 0:05:00, 145 Reads
    Shake	Double Orbital: Continuous
	Frequency: 307 cpm (5 mm)
    Read	Absorbance Endpoint
	Full Plate
	Wavelengths:  600
	Read Speed: Normal,  Delay: 100 msec,  Measurements/Data Point: 8
End Kinetic	

600

Time	T° 600	A1	A2	A3	A4	A5	A6	B1	B2	B3	B4	B5	B6	C1	C2	C3	C4	C5	C6	D1	D2	D3	D4	D5	D6
0:04:46	37.0	0.170	0.165	0.160	0.168	0.161	0.153	0.164	0.160	0.160	0.157	0.124	0.114	0.166	0.173	0.169	0.170	0.166	0.161	0.152	0.154	0.156	0.150	0.121	0.116
0:09:46	37.0	0.172	0.167	0.161	0.169	0.163	0.157	0.171	0.162	0.162	0.158	0.125	0.114	0.169	0.176	0.172	0.172	0.168	0.164	0.156	0.157	0.158	0.153	0.121	0.115
0:14:46	37.0	0.175	0.168	0.163	0.170	0.165	0.159	0.176	0.163	0.164	0.160	0.125	0.114	0.172	0.178	0.174	0.174	0.171	0.166	0.160	0.159	0.159	0.155	0.121	0.115
0:19:46	37.0	0.179	0.168	0.164	0.171	0.167	0.162	0.177	0.165	0.166	0.162	0.125	0.114	0.175	0.182	0.176	0.177	0.175	0.169	0.165	0.162	0.162	0.158	0.121	0.115
0:24:46	37.0	0.181	0.169	0.166	0.173	0.168	0.164	0.179	0.166	0.168	0.164	0.126	0.114	0.179	0.185	0.178	0.180	0.178	0.172	0.167	0.164	0.164	0.161	0.122	0.115
0:29:46	36.9	0.185	0.169	0.167	0.174	0.170	0.167	0.185	0.167	0.171	0.165	0.126	0.114	0.183	0.189	0.182	0.183	0.181	0.175	0.169	0.166	0.167	0.164	0.122	0.115
0:34:46	37.0	0.189	0.170	0.168	0.174	0.172	0.169	0.187	0.169	0.174	0.167	0.126	0.114	0.187	0.193	0.185	0.187	0.185	0.179	0.173	0.169	0.170	0.167	0.121	0.115
0:39:46	37.0	0.194	0.172	0.168	0.176	0.173	0.171	0.191	0.171	0.177	0.169	0.126	0.113	0.192	0.197	0.189	0.190	0.189	0.183	0.174	0.172	0.174	0.170	0.122	0.115
0:44:46	37.0	0.200	0.174	0.170	0.177	0.175	0.174	0.190	0.172	0.179	0.171	0.127	0.114	0.197	0.202	0.194	0.194	0.193	0.187	0.178	0.175	0.178	0.174	0.122	0.114
0:49:46	37.0	0.206	0.175	0.170	0.179	0.177	0.176	0.187	0.172	0.181	0.173	0.126	0.113	0.201	0.206	0.199	0.198	0.196	0.191	0.180	0.179	0.185	0.178	0.123	0.114
0:54:46	37.0	0.212	0.177	0.170	0.179	0.179	0.177	0.191	0.174	0.183	0.176	0.128	0.113	0.207	0.212	0.204	0.203	0.199	0.195	0.184	0.183	0.190	0.182	0.123	0.114
0:59:46	37.0	0.212	0.177	0.171	0.182	0.181	0.178	0.190	0.175	0.184	0.178	0.127	0.113	0.212	0.217	0.209	0.206	0.203	0.199	0.187	0.187	0.190	0.187	0.122	0.114
1:04:46	37.0	0.218	0.180	0.172	0.183	0.181	0.179	0.190	0.177	0.186	0.180	0.127	0.113	0.218	0.223	0.213	0.211	0.207	0.203	0.191	0.191	0.189	0.192	0.122	0.114
1:09:46	37.0	0.219	0.179	0.172	0.184	0.183	0.181	0.194	0.178	0.190	0.181	0.128	0.113	0.224	0.229	0.219	0.215	0.212	0.208	0.196	0.194	0.192	0.197	0.122	0.114
1:14:46	37.0	0.228	0.180	0.173	0.186	0.184	0.182	0.196	0.180	0.192	0.182	0.127	0.113	0.233	0.237	0.224	0.221	0.217	0.213	0.201	0.200	0.196	0.203	0.122	0.114
1:19:46	37.0	0.236	0.182	0.174	0.188	0.185	0.182	0.195	0.182	0.193	0.184	0.127	0.113	0.240	0.244	0.229	0.226	0.222	0.216	0.206	0.206	0.201	0.206	0.122	0.114
1:24:46	37.0	0.240	0.180	0.174	0.188	0.186	0.183	0.197	0.183	0.193	0.185	0.127	0.113	0.246	0.252	0.233	0.233	0.228	0.222	0.213	0.212	0.207	0.211	0.121	0.114
1:29:46	36.9	0.247	0.180	0.175	0.189	0.187	0.184	0.195	0.181	0.194	0.186	0.126	0.113	0.252	0.261	0.236	0.239	0.235	0.226	0.219	0.218	0.213	0.215	0.121	0.114
1:34:46	37.0	0.254	0.181	0.176	0.190	0.187	0.184	0.193	0.182	0.196	0.186	0.127	0.113	0.255	0.267	0.241	0.246	0.241	0.233	0.222	0.223	0.219	0.221	0.120	0.114
1:39:46	37.0	0.266	0.181	0.177	0.191	0.188	0.185	0.192	0.182	0.198	0.188	0.126	0.113	0.261	0.275	0.248	0.251	0.248	0.239	0.225	0.228	0.226	0.228	0.122	0.114
1:44:46	37.0	0.275	0.180	0.177	0.192	0.189	0.185	0.193	0.183	0.202	0.189	0.128	0.113	0.272	0.281	0.255	0.259	0.256	0.245	0.230	0.232	0.234	0.235	0.121	0.114
1:49:46	37.0	0.282	0.181	0.178	0.194	0.188	0.186	0.191	0.184	0.205	0.190	0.126	0.113	0.285	0.287	0.264	0.265	0.264	0.253	0.244	0.236	0.241	0.242	0.121	0.114
1:54:46	37.0	0.288	0.181	0.179	0.195	0.189	0.187	0.192	0.184	0.208	0.191	0.127	0.113	0.297	0.291	0.271	0.272	0.273	0.261	0.259	0.241	0.250	0.251	0.122	0.114
1:59:46	37.0	0.302	0.183	0.179	0.196	0.190	0.189	0.193	0.184	0.212	0.192	0.127	0.113	0.311	0.296	0.280	0.278	0.282	0.270	0.267	0.252	0.260	0.259	0.121	0.113
2:04:46	37.0	0.310	0.184	0.180	0.197	0.190	0.189	0.192	0.187	0.216	0.193	0.125	0.113	0.324	0.304	0.289	0.283	0.292	0.279	0.272	0.268	0.269	0.269	0.121	0.114
2:09:46	37.0	0.328	0.183	0.181	0.197	0.189	0.190	0.194	0.186	0.218	0.194	0.127	0.113	0.337	0.312	0.298	0.289	0.303	0.289	0.279	0.287	0.280	0.276	0.120	0.113
2:14:46	37.0	0.338	0.185	0.181	0.198	0.190	0.190	0.193	0.187	0.223	0.196	0.125	0.113	0.352	0.323	0.308	0.296	0.312	0.299	0.289	0.296	0.290	0.281	0.121	0.113
2:19:46	37.0	0.350	0.184	0.181	0.198	0.190	0.191	0.194	0.186	0.227	0.197	0.126	0.113	0.368	0.334	0.318	0.305	0.323	0.310	0.300	0.298	0.302	0.285	0.121	0.113
2:24:46	37.0	0.365	0.186	0.183	0.198	0.190	0.192	0.193	0.187	0.231	0.198	0.126	0.113	0.384	0.346	0.328	0.319	0.334	0.322	0.313	0.305	0.315	0.291	0.121	0.113
2:29:46	37.0	0.381	0.185	0.182	0.199	0.192	0.192	0.194	0.188	0.235	0.199	0.126	0.113	0.400	0.361	0.339	0.329	0.344	0.334	0.324	0.313	0.328	0.298	0.120	0.113
2:34:46	37.0	0.390	0.186	0.183	0.200	0.191	0.193	0.195	0.188	0.240	0.200	0.126	0.112	0.415	0.372	0.350	0.342	0.354	0.344	0.337	0.323	0.341	0.305	0.120	0.113
2:39:46	37.0	0.407	0.186	0.183	0.202	0.191	0.193	0.196	0.189	0.246	0.201	0.127	0.113	0.431	0.383	0.361	0.353	0.364	0.354	0.350	0.333	0.353	0.313	0.120	0.113
2:44:46	37.0	0.420	0.187	0.184	0.203	0.192	0.194	0.196	0.189	0.252	0.201	0.126	0.113	0.447	0.396	0.374	0.363	0.375	0.365	0.364	0.344	0.365	0.320	0.120	0.113
2:49:46	37.0	0.432	0.186	0.184	0.204	0.192	0.195	0.197	0.189	0.258	0.201	0.126	0.112	0.462	0.407	0.386	0.371	0.385	0.377	0.375	0.356	0.378	0.328	0.120	0.113
2:54:46	37.0	0.435	0.189	0.183	0.204	0.191	0.196	0.197	0.188	0.265	0.202	0.126	0.112	0.476	0.420	0.399	0.381	0.396	0.387	0.388	0.368	0.390	0.336	0.121	0.113
2:59:46	37.0	0.462	0.188	0.184	0.203	0.191	0.196	0.198	0.187	0.271	0.203	0.125	0.112	0.489	0.431	0.412	0.388	0.408	0.397	0.403	0.379	0.403	0.343	0.120	0.113
3:04:46	37.0	0.507	0.187	0.184	0.203	0.191	0.196	0.198	0.186	0.278	0.203	0.126	0.112	0.503	0.444	0.423	0.397	0.419	0.406	0.417	0.392	0.414	0.351	0.120	0.113
3:09:46	37.0	0.518	0.186	0.185	0.203	0.191	0.196	0.198	0.186	0.285	0.204	0.126	0.112	0.516	0.458	0.436	0.406	0.431	0.415	0.431	0.404	0.426	0.359	0.120	0.113
3:14:46	37.0	0.527	0.188	0.185	0.202	0.190	0.196	0.198	0.186	0.291	0.204	0.126	0.112	0.528	0.471	0.448	0.413	0.443	0.427	0.445	0.415	0.437	0.367	0.120	0.113
3:19:46	37.0	0.534	0.186	0.186	0.201	0.190	0.196	0.198	0.186	0.297	0.206	0.126	0.112	0.542	0.483	0.461	0.421	0.453	0.435	0.457	0.424	0.447	0.375	0.120	0.113
3:24:46	37.0	0.542	0.187	0.186	0.201	0.190	0.196	0.198	0.188	0.302	0.206	0.126	0.112	0.553	0.496	0.474	0.427	0.464	0.444	0.469	0.435	0.458	0.383	0.120	0.113
3:29:46	37.0	0.549	0.187	0.187	0.201	0.190	0.196	0.198	0.190	0.308	0.207	0.126	0.112	0.564	0.507	0.488	0.433	0.474	0.452	0.480	0.445	0.467	0.391	0.120	0.113
3:34:46	37.0	0.555	0.187	0.187	0.199	0.190	0.197	0.198	0.191	0.315	0.207	0.126	0.112	0.576	0.518	0.502	0.442	0.484	0.457	0.490	0.455	0.477	0.398	0.120	0.113
3:39:46	37.0	0.556	0.190	0.187	0.199	0.191	0.198	0.198	0.190	0.321	0.209	0.125	0.112	0.587	0.529	0.514	0.449	0.493	0.461	0.499	0.466	0.486	0.406	0.120	0.113
3:44:46	37.0	0.566	0.188	0.188	0.199	0.190	0.198	0.199	0.188	0.328	0.210	0.125	0.112	0.596	0.540	0.528	0.456	0.502	0.465	0.508	0.475	0.495	0.414	0.119	0.113
3:49:46	37.0	0.571	0.188	0.187	0.198	0.190	0.198	0.199	0.187	0.334	0.211	0.126	0.112	0.605	0.551	0.541	0.463	0.511	0.469	0.516	0.484	0.504	0.422	0.120	0.113
3:54:46	37.0	0.575	0.190	0.188	0.198	0.190	0.200	0.203	0.187	0.340	0.213	0.125	0.112	0.614	0.562	0.553	0.469	0.520	0.475	0.524	0.492	0.511	0.430	0.120	0.113
3:59:46	37.0	0.583	0.189	0.189	0.197	0.190	0.200	0.207	0.186	0.347	0.215	0.125	0.112	0.621	0.571	0.563	0.475	0.527	0.481	0.532	0.501	0.520	0.438	0.119	0.113
4:04:46	37.0	0.588	0.191	0.190	0.197	0.190	0.201	0.211	0.187	0.353	0.217	0.126	0.112	0.629	0.580	0.575	0.483	0.534	0.488	0.540	0.509	0.526	0.446	0.120	0.113
4:09:46	36.9	0.590	0.190	0.191	0.197	0.190	0.202	0.213	0.188	0.359	0.219	0.126	0.112	0.636	0.589	0.584	0.489	0.541	0.495	0.547	0.516	0.534	0.454	0.120	0.113
4:14:46	37.0	0.593	0.191	0.191	0.196	0.190	0.202	0.214	0.188	0.366	0.221	0.126	0.112	0.643	0.596	0.594	0.496	0.548	0.501	0.553	0.523	0.540	0.463	0.120	0.112
4:19:46	37.0	0.601	0.189	0.191	0.197	0.191	0.203	0.214	0.189	0.372	0.223	0.125	0.112	0.650	0.604	0.604	0.501	0.554	0.507	0.560	0.529	0.547	0.472	0.119	0.113
4:24:46	37.0	0.604	0.191	0.192	0.197	0.191	0.204	0.212	0.190	0.377	0.225	0.124	0.112	0.655	0.611	0.612	0.508	0.559	0.512	0.567	0.537	0.553	0.481	0.119	0.112
4:29:46	37.0	0.612	0.191	0.192	0.198	0.191	0.206	0.212	0.191	0.384	0.227	0.126	0.112	0.661	0.618	0.619	0.514	0.566	0.518	0.573	0.542	0.559	0.490	0.119	0.112
4:34:46	37.0	0.613	0.190	0.193	0.198	0.193	0.206	0.212	0.192	0.390	0.230	0.124	0.112	0.666	0.625	0.626	0.521	0.571	0.525	0.578	0.550	0.565	0.500	0.118	0.112
4:39:46	37.0	0.625	0.191	0.193	0.198	0.192	0.207	0.213	0.194	0.396	0.233	0.125	0.112	0.672	0.630	0.632	0.526	0.578	0.529	0.583	0.555	0.570	0.511	0.119	0.113
4:44:46	37.0	0.628	0.192	0.195	0.199	0.192	0.208	0.214	0.195	0.401	0.236	0.124	0.112	0.676	0.636	0.638	0.529	0.582	0.535	0.588	0.562	0.576	0.518	0.119	0.112
4:49:46	37.0	0.633	0.192	0.194	0.200	0.193	0.209	0.216	0.197	0.407	0.239	0.124	0.111	0.681	0.641	0.645	0.534	0.588	0.540	0.593	0.565	0.581	0.525	0.119	0.112
4:54:46	37.0	0.635	0.194	0.194	0.201	0.194	0.209	0.218	0.198	0.412	0.242	0.125	0.112	0.686	0.646	0.649	0.538	0.592	0.545	0.598	0.572	0.586	0.532	0.119	0.112
4:59:46	37.0	0.631	0.194	0.197	0.203	0.194	0.210	0.221	0.200	0.419	0.246	0.124	0.112	0.690	0.652	0.654	0.540	0.597	0.550	0.602	0.578	0.591	0.540	0.119	0.112
5:04:46	37.0	0.640	0.193	0.197	0.204	0.196	0.212	0.225	0.201	0.423	0.249	0.125	0.111	0.695	0.656	0.657	0.543	0.602	0.553	0.606	0.582	0.595	0.546	0.120	0.112
5:09:46	37.0	0.645	0.194	0.197	0.205	0.196	0.213	0.228	0.202	0.429	0.253	0.124	0.112	0.699	0.662	0.663	0.547	0.606	0.558	0.610	0.588	0.599	0.550	0.119	0.112
5:14:46	37.0	0.644	0.194	0.197	0.207	0.196	0.214	0.232	0.204	0.435	0.257	0.123	0.111	0.704	0.665	0.668	0.551	0.610	0.561	0.613	0.591	0.604	0.558	0.119	0.112
5:19:46	37.0	0.650	0.196	0.198	0.209	0.198	0.215	0.236	0.204	0.440	0.261	0.124	0.111	0.707	0.670	0.671	0.556	0.615	0.566	0.616	0.596	0.608	0.565	0.118	0.112
5:24:46	37.0	0.654	0.197	0.201	0.211	0.198	0.216	0.240	0.206	0.445	0.264	0.123	0.111	0.711	0.673	0.677	0.559	0.619	0.567	0.619	0.601	0.612	0.571	0.118	0.112
5:29:46	37.0	0.657	0.197	0.200	0.212	0.198	0.217	0.244	0.207	0.452	0.269	0.124	0.111	0.714	0.677	0.679	0.564	0.624	0.572	0.622	0.606	0.616	0.578	0.118	0.112
5:34:46	37.0	0.658	0.198	0.201	0.214	0.199	0.217	0.249	0.208	0.456	0.275	0.124	0.111	0.717	0.683	0.683	0.568	0.626	0.575	0.625	0.610	0.620	0.583	0.118	0.112
5:39:46	37.0	0.659	0.199	0.204	0.218	0.200	0.218	0.254	0.209	0.462	0.279	0.123	0.111	0.721	0.686	0.687	0.572	0.630	0.579	0.628	0.613	0.624	0.588	0.118	0.112
5:44:46	37.0	0.662	0.198	0.202	0.224	0.201	0.219	0.259	0.210	0.467	0.284	0.124	0.111	0.724	0.690	0.691	0.578	0.634	0.581	0.631	0.618	0.627	0.594	0.118	0.112
5:49:46	36.9	0.665	0.201	0.204	0.227	0.201	0.222	0.263	0.210	0.470	0.288	0.124	0.111	0.726	0.693	0.695	0.581	0.638	0.584	0.633	0.624	0.631	0.601	0.118	0.112
5:54:46	37.0	0.666	0.202	0.206	0.231	0.203	0.225	0.269	0.211	0.472	0.291	0.124	0.111	0.730	0.696	0.697	0.586	0.641	0.586	0.636	0.627	0.635	0.606	0.118	0.112
5:59:46	37.0	0.669	0.201	0.205	0.234	0.202	0.226	0.275	0.212	0.475	0.296	0.124	0.111	0.732	0.700	0.700	0.590	0.645	0.589	0.638	0.630	0.638	0.611	0.118	0.112
6:04:46	37.0	0.672	0.202	0.208	0.238	0.203	0.228	0.281	0.213	0.477	0.299	0.124	0.111	0.734	0.704	0.703	0.594	0.648	0.592	0.641	0.635	0.641	0.615	0.118	0.112
6:09:46	37.0	0.672	0.202	0.208	0.245	0.205	0.228	0.288	0.214	0.480	0.302	0.124	0.111	0.737	0.707	0.705	0.598	0.651	0.595	0.641	0.639	0.644	0.621	0.118	0.112
6:14:46	37.0	0.677	0.208	0.209	0.252	0.205	0.230	0.295	0.215	0.484	0.305	0.124	0.111	0.740	0.709	0.709	0.601	0.654	0.596	0.644	0.642	0.646	0.627	0.119	0.112
6:19:46	37.0	0.678	0.205	0.211	0.257	0.207	0.229	0.304	0.215	0.487	0.308	0.124	0.111	0.742	0.713	0.712	0.604	0.657	0.596	0.646	0.645	0.650	0.632	0.117	0.112
6:24:46	37.0	0.682	0.206	0.211	0.263	0.207	0.231	0.313	0.217	0.491	0.312	0.123	0.111	0.744	0.716	0.714	0.606	0.661	0.600	0.648	0.647	0.652	0.635	0.118	0.112
6:29:46	37.0	0.685	0.207	0.214	0.264	0.210	0.232	0.320	0.218	0.495	0.316	0.124	0.111	0.746	0.719	0.718	0.609	0.663	0.600	0.649	0.651	0.654	0.640	0.118	0.112
6:34:46	37.0	0.685	0.210	0.217	0.290	0.211	0.232	0.326	0.220	0.499	0.320	0.124	0.111	0.747	0.720	0.719	0.612	0.666	0.603	0.651	0.654	0.657	0.645	0.117	0.112
6:39:46	37.0	0.687	0.212	0.218	0.271	0.213	0.232	0.332	0.222	0.504	0.324	0.124	0.111	0.749	0.724	0.722	0.615	0.669	0.605	0.653	0.657	0.659	0.651	0.118	0.112
6:44:46	37.0	0.693	0.211	0.222	0.300	0.215	0.233	0.338	0.223	0.508	0.328	0.123	0.111	0.750	0.727	0.725	0.617	0.673	0.605	0.655	0.659	0.661	0.655	0.118	0.112
6:49:46	37.0	0.698	0.211	0.219	0.287	0.218	0.232	0.344	0.226	0.512	0.333	0.124	0.111	0.751	0.730	0.727	0.619	0.674	0.608	0.656	0.661	0.663	0.658	0.117	0.112
6:54:46	37.0	0.708	0.212	0.222	0.297	0.219	0.233	0.350	0.228	0.516	0.338	0.122	0.111	0.753	0.732	0.729	0.622	0.677	0.609	0.658	0.663	0.666	0.663	0.117	0.112
6:59:46	37.0	0.712	0.217	0.223	0.302	0.222	0.234	0.355	0.229	0.520	0.341	0.123	0.111	0.753	0.734	0.731	0.624	0.679	0.612	0.658	0.666	0.668	0.667	0.117	0.112
7:04:46	36.9	0.708	0.217	0.223	0.309	0.225	0.238	0.361	0.231	0.524	0.346	0.124	0.111	0.754	0.737	0.734	0.627	0.681	0.612	0.660	0.667	0.670	0.670	0.117	0.112
7:09:46	37.0	0.711	0.223	0.224	0.314	0.226	0.242	0.366	0.234	0.527	0.350	0.123	0.111	0.755	0.738	0.735	0.629	0.683	0.613	0.660	0.671	0.672	0.677	0.118	0.112
7:14:46	37.0	0.710	0.218	0.227	0.320	0.227	0.239	0.372	0.236	0.531	0.354	0.122	0.111	0.755	0.740	0.737	0.632	0.685	0.614	0.662	0.672	0.672	0.677	0.117	0.112
7:19:46	37.0	0.713	0.217	0.232	0.338	0.230	0.237	0.377	0.238	0.536	0.358	0.123	0.111	0.755	0.743	0.739	0.634	0.687	0.615	0.662	0.674	0.675	0.683	0.117	0.112
7:24:46	37.0	0.711	0.221	0.232	0.335	0.234	0.238	0.383	0.240	0.539	0.363	0.123	0.111	0.756	0.744	0.740	0.637	0.689	0.617	0.664	0.675	0.676	0.685	0.117	0.111
7:29:46	37.0	0.710	0.223	0.237	0.338	0.237	0.238	0.388	0.243	0.542	0.368	0.123	0.111	0.757	0.746	0.740	0.639	0.691	0.617	0.664	0.679	0.677	0.690	0.117	0.111
7:34:46	37.0	0.709	0.227	0.242	0.389	0.243	0.239	0.394	0.245	0.545	0.372	0.123	0.111	0.758	0.749	0.739	0.641	0.692	0.618	0.664	0.681	0.679	0.693	0.117	0.112
7:39:46	37.0	0.709	0.228	0.264	0.391	0.245	0.240	0.400	0.248	0.548	0.376	0.123	0.111	0.758	0.750	0.741	0.643	0.694	0.619	0.666	0.683	0.681	0.698	0.117	0.112
7:44:46	37.0	0.708	0.232	0.262	0.359	0.251	0.242	0.406	0.249	0.551	0.380	0.123	0.111	0.758	0.752	0.742	0.646	0.694	0.619	0.667	0.685	0.682	0.701	0.117	0.112
7:49:46	37.0	0.712	0.236	0.277	0.359	0.258	0.244	0.410	0.252	0.555	0.384	0.122	0.111	0.758	0.753	0.741	0.649	0.695	0.620	0.668	0.686	0.683	0.704	0.117	0.112
7:54:46	37.0	0.719	0.235	0.276	0.411	0.263	0.247	0.415	0.255	0.558	0.388	0.123	0.110	0.758	0.756	0.743	0.650	0.697	0.620	0.668	0.688	0.685	0.708	0.117	0.112
7:59:46	37.0	0.720	0.241	0.282	0.393	0.268	0.250	0.421	0.257	0.561	0.390	0.123	0.111	0.758	0.757	0.740	0.651	0.697	0.620	0.669	0.690	0.685	0.712	0.117	0.112
8:04:46	37.0	0.723	0.241	0.301	0.394	0.275	0.252	0.426	0.260	0.564	0.392	0.122	0.110	0.759	0.758	0.741	0.653	0.699	0.619	0.670	0.691	0.687	0.714	0.117	0.112
8:09:46	37.0	0.728	0.251	0.305	0.400	0.277	0.255	0.430	0.263	0.566	0.393	0.122	0.110	0.759	0.759	0.740	0.656	0.700	0.619	0.669	0.694	0.688	0.719	0.117	0.112
8:14:46	37.0	0.729	0.259	0.306	0.380	0.281	0.257	0.435	0.266	0.569	0.396	0.123	0.110	0.760	0.762	0.740	0.657	0.701	0.619	0.669	0.698	0.690	0.720	0.117	0.112
8:19:46	37.0	0.729	0.260	0.310	0.436	0.286	0.260	0.440	0.269	0.571	0.399	0.122	0.110	0.760	0.764	0.738	0.658	0.702	0.619	0.669	0.697	0.690	0.722	0.117	0.112
8:24:46	37.0	0.730	0.270	0.315	0.434	0.291	0.262	0.443	0.273	0.574	0.402	0.122	0.110	0.759	0.764	0.738	0.661	0.703	0.619	0.669	0.701	0.690	0.725	0.117	0.112
8:29:46	37.0	0.726	0.279	0.320	0.438	0.297	0.264	0.445	0.277	0.576	0.406	0.122	0.110	0.759	0.766	0.738	0.662	0.704	0.619	0.669	0.702	0.691	0.727	0.117	0.112
8:34:46	37.0	0.727	0.278	0.323	0.446	0.300	0.265	0.447	0.280	0.579	0.409	0.123	0.110	0.760	0.768	0.739	0.663	0.705	0.619	0.669	0.704	0.692	0.728	0.117	0.112
8:39:46	37.0	0.723	0.286	0.328	0.449	0.302	0.266	0.450	0.284	0.581	0.412	0.122	0.110	0.760	0.769	0.738	0.666	0.706	0.619	0.669	0.706	0.691	0.731	0.117	0.112
8:44:46	37.0	0.722	0.299	0.332	0.443	0.307	0.268	0.453	0.287	0.584	0.416	0.122	0.110	0.760	0.770	0.738	0.666	0.707	0.618	0.667	0.707	0.692	0.731	0.117	0.111
8:49:46	37.0	0.721	0.322	0.339	0.491	0.312	0.268	0.457	0.291	0.586	0.419	0.122	0.110	0.760	0.771	0.737	0.667	0.707	0.617	0.668	0.705	0.693	0.735	0.117	0.112
8:54:46	37.0	0.723	0.319	0.344	0.476	0.318	0.270	0.461	0.296	0.588	0.422	0.122	0.110	0.760	0.772	0.738	0.668	0.708	0.618	0.667	0.708	0.693	0.737	0.116	0.111
8:59:46	37.0	0.727	0.315	0.349	0.480	0.325	0.271	0.465	0.300	0.590	0.425	0.122	0.110	0.760	0.773	0.738	0.667	0.708	0.617	0.666	0.709	0.693	0.736	0.117	0.112
9:04:46	37.0	0.727	0.336	0.355	0.475	0.332	0.273	0.469	0.304	0.591	0.429	0.121	0.110	0.761	0.773	0.739	0.668	0.709	0.617	0.665	0.709	0.693	0.738	0.117	0.112
9:09:46	37.0	0.730	0.326	0.359	0.496	0.342	0.276	0.475	0.308	0.594	0.432	0.121	0.110	0.760	0.774	0.740	0.670	0.708	0.616	0.664	0.709	0.694	0.740	0.116	0.111
9:14:46	37.0	0.729	0.337	0.367	0.500	0.344	0.277	0.479	0.313	0.595	0.435	0.122	0.110	0.760	0.775	0.740	0.667	0.708	0.616	0.664	0.709	0.694	0.739	0.116	0.111
9:19:46	36.9	0.729	0.348	0.373	0.511	0.353	0.279	0.483	0.318	0.597	0.439	0.122	0.110	0.761	0.776	0.740	0.669	0.709	0.615	0.664	0.708	0.694	0.739	0.117	0.111
9:24:46	36.9	0.729	0.354	0.377	0.522	0.375	0.280	0.488	0.323	0.599	0.441	0.121	0.110	0.760	0.777	0.741	0.669	0.708	0.615	0.662	0.709	0.694	0.743	0.117	0.111
9:29:46	37.0	0.729	0.358	0.382	0.527	0.355	0.283	0.491	0.328	0.601	0.445	0.123	0.110	0.761	0.776	0.741	0.671	0.708	0.615	0.662	0.710	0.694	0.740	0.117	0.112
9:34:46	37.0	0.729	0.360	0.388	0.531	0.360	0.286	0.496	0.333	0.602	0.448	0.121	0.110	0.761	0.778	0.741	0.669	0.708	0.615	0.662	0.709	0.694	0.740	0.116	0.111
9:39:46	37.0	0.729	0.362	0.393	0.532	0.364	0.287	0.500	0.337	0.604	0.451	0.121	0.110	0.761	0.777	0.742	0.670	0.708	0.614	0.660	0.709	0.694	0.737	0.117	0.111
9:44:46	37.0	0.731	0.365	0.399	0.532	0.366	0.291	0.505	0.342	0.607	0.454	0.121	0.110	0.761	0.777	0.741	0.669	0.708	0.613	0.660	0.709	0.694	0.744	0.116	0.111
9:49:46	37.0	0.730	0.364	0.404	0.546	0.371	0.294	0.510	0.348	0.608	0.457	0.122	0.110	0.761	0.778	0.742	0.671	0.708	0.613	0.660	0.708	0.694	0.748	0.116	0.111
9:54:46	37.0	0.729	0.368	0.409	0.557	0.376	0.295	0.514	0.352	0.608	0.460	0.121	0.110	0.761	0.779	0.742	0.670	0.708	0.612	0.659	0.708	0.694	0.739	0.117	0.111
9:59:46	36.9	0.723	0.373	0.413	0.552	0.379	0.299	0.517	0.356	0.610	0.464	0.122	0.110	0.761	0.779	0.742	0.670	0.707	0.613	0.659	0.709	0.693	0.745	0.116	0.111
10:04:46	36.9	0.729	0.379	0.418	0.570	0.420	0.302	0.521	0.361	0.611	0.467	0.121	0.110	0.761	0.780	0.742	0.669	0.707	0.611	0.657	0.707	0.694	0.745	0.117	0.111
10:09:46	37.0	0.726	0.382	0.422	0.573	0.415	0.304	0.525	0.365	0.612	0.469	0.121	0.110	0.761	0.779	0.743	0.669	0.707	0.612	0.658	0.708	0.694	0.747	0.116	0.111
10:14:46	37.0	0.726	0.389	0.427	0.577	0.403	0.306	0.529	0.370	0.612	0.472	0.121	0.110	0.761	0.779	0.743	0.670	0.706	0.611	0.657	0.707	0.694	0.748	0.117	0.111
10:19:46	37.0	0.716	0.395	0.432	0.577	0.404	0.309	0.533	0.375	0.613	0.475	0.121	0.110	0.761	0.780	0.743	0.670	0.707	0.610	0.657	0.707	0.694	0.746	0.116	0.111
10:24:46	37.0	0.722	0.401	0.435	0.580	0.419	0.311	0.536	0.379	0.614	0.478	0.121	0.110	0.761	0.779	0.743	0.671	0.706	0.610	0.657	0.706	0.693	0.750	0.117	0.111
10:29:46	37.0	0.714	0.407	0.437	0.575	0.424	0.313	0.540	0.382	0.614	0.481	0.120	0.110	0.761	0.780	0.744	0.669	0.706	0.609	0.657	0.707	0.692	0.730	0.116	0.111
10:34:46	37.0	0.718	0.414	0.438	0.578	0.424	0.318	0.544	0.387	0.613	0.484	0.121	0.109	0.761	0.779	0.743	0.670	0.705	0.610	0.656	0.706	0.694	0.748	0.117	0.111
10:39:46	37.0	0.713	0.421	0.439	0.598	0.413	0.318	0.547	0.391	0.614	0.486	0.120	0.110	0.761	0.779	0.743	0.669	0.705	0.609	0.656	0.707	0.691	0.739	0.117	0.111
10:44:46	37.0	0.714	0.425	0.441	0.593	0.411	0.322	0.550	0.394	0.614	0.488	0.121	0.110	0.761	0.778	0.744	0.669	0.706	0.608	0.656	0.708	0.693	0.744	0.117	0.111
10:49:46	37.0	0.713	0.430	0.446	0.596	0.411	0.324	0.555	0.398	0.615	0.490	0.120	0.110	0.761	0.779	0.744	0.669	0.705	0.609	0.657	0.706	0.692	0.751	0.116	0.111
10:54:46	37.0	0.714	0.436	0.434	0.596	0.419	0.326	0.557	0.401	0.614	0.493	0.120	0.110	0.761	0.779	0.744	0.668	0.705	0.607	0.656	0.706	0.693	0.749	0.117	0.111
10:59:46	37.0	0.712	0.443	0.459	0.604	0.431	0.328	0.560	0.406	0.614	0.495	0.121	0.110	0.761	0.778	0.744	0.668	0.705	0.607	0.655	0.705	0.692	0.735	0.116	0.111
11:04:46	37.0	0.719	0.446	0.473	0.604	0.469	0.331	0.563	0.409	0.614	0.498	0.121	0.109	0.761	0.779	0.744	0.668	0.704	0.608	0.655	0.704	0.691	0.739	0.116	0.111
11:09:46	37.0	0.713	0.453	0.435	0.589	0.489	0.333	0.566	0.412	0.614	0.500	0.121	0.110	0.761	0.778	0.744	0.667	0.703	0.607	0.655	0.704	0.692	0.740	0.116	0.111
11:14:46	37.0	0.713	0.458	0.463	0.588	0.467	0.336	0.569	0.413	0.614	0.501	0.121	0.109	0.761	0.778	0.743	0.666	0.703	0.607	0.655	0.704	0.692	0.753	0.116	0.111
11:19:46	37.0	0.711	0.462	0.483	0.590	0.477	0.338	0.572	0.414	0.614	0.504	0.120	0.109	0.761	0.778	0.743	0.668	0.703	0.607	0.656	0.705	0.692	0.755	0.116	0.111
11:24:46	36.9	0.712	0.468	0.474	0.593	0.507	0.340	0.575	0.416	0.614	0.505	0.121	0.109	0.761	0.776	0.744	0.667	0.703	0.607	0.655	0.703	0.691	0.746	0.116	0.111
11:29:46	36.9	0.714	0.474	0.497	0.600	0.514	0.341	0.578	0.420	0.614	0.508	0.120	0.109	0.761	0.776	0.744	0.666	0.702	0.606	0.655	0.703	0.692	0.756	0.116	0.111
11:34:46	37.0	0.711	0.479	0.465	0.600	0.518	0.344	0.579	0.422	0.614	0.510	0.121	0.109	0.761	0.776	0.744	0.666	0.702	0.605	0.654	0.704	0.692	0.752	0.115	0.111
11:39:46	36.9	0.712	0.483	0.507	0.601	0.525	0.347	0.582	0.425	0.614	0.512	0.120	0.109	0.761	0.776	0.743	0.666	0.702	0.605	0.655	0.704	0.692	0.753	0.116	0.111
11:44:46	37.0	0.711	0.488	0.508	0.603	0.520	0.348	0.585	0.428	0.614	0.513	0.120	0.109	0.761	0.777	0.743	0.665	0.701	0.605	0.655	0.703	0.692	0.754	0.116	0.111
11:49:46	37.0	0.711	0.492	0.479	0.605	0.524	0.351	0.588	0.432	0.614	0.515	0.120	0.109	0.754	0.775	0.743	0.667	0.701	0.604	0.655	0.701	0.692	0.751	0.116	0.111
11:54:46	37.0	0.711	0.498	0.455	0.607	0.499	0.352	0.590	0.435	0.613	0.516	0.121	0.109	0.749	0.774	0.744	0.664	0.701	0.605	0.654	0.703	0.691	0.754	0.116	0.111
11:59:46	37.0	0.710	0.502	0.476	0.611	0.504	0.354	0.592	0.438	0.613	0.519	0.120	0.109	0.750	0.774	0.743	0.663	0.701	0.605	0.655	0.703	0.689	0.754	0.116	0.111
12:04:46	37.0	0.710	0.507	0.457	0.613	0.509	0.356	0.595	0.442	0.614	0.520	0.121	0.109	0.751	0.775	0.743	0.663	0.701	0.603	0.654	0.702	0.690	0.754	0.116	0.111

estimated_od600

Time	A1	A2	A3	A4	A5	A6	B1	B2	B3	B4	B5	B6	C1	C2	C3	C4	C5	C6	D1	D2	D3	D4	D5	D6
0:04:46	0.078	0.072	0.066	0.076	0.067	0.058	0.070	0.066	0.066	0.062	0.025	0.014	0.072	0.081	0.077	0.077	0.073	0.066	0.057	0.059	0.062	0.054	0.022	0.016
0:09:46	0.079	0.073	0.067	0.076	0.069	0.063	0.079	0.068	0.068	0.064	0.026	0.013	0.076	0.085	0.079	0.080	0.076	0.071	0.061	0.062	0.063	0.057	0.022	0.015
0:14:46	0.083	0.075	0.069	0.077	0.072	0.065	0.084	0.070	0.070	0.066	0.026	0.013	0.079	0.087	0.082	0.083	0.079	0.073	0.066	0.065	0.065	0.060	0.022	0.015
0:19:46	0.088	0.075	0.071	0.079	0.073	0.068	0.085	0.071	0.072	0.068	0.026	0.013	0.083	0.092	0.085	0.086	0.083	0.076	0.071	0.068	0.068	0.063	0.022	0.015
0:24:46	0.091	0.076	0.073	0.081	0.075	0.071	0.088	0.072	0.075	0.070	0.027	0.014	0.088	0.095	0.087	0.089	0.087	0.080	0.074	0.070	0.071	0.067	0.022	0.015
0:29:46	0.095	0.076	0.074	0.082	0.077	0.074	0.095	0.074	0.078	0.072	0.027	0.013	0.092	0.099	0.091	0.093	0.090	0.083	0.076	0.073	0.074	0.070	0.022	0.014
0:34:46	0.100	0.078	0.075	0.083	0.080	0.076	0.097	0.076	0.082	0.074	0.028	0.014	0.097	0.104	0.095	0.097	0.095	0.088	0.081	0.077	0.078	0.074	0.022	0.015
0:39:46	0.105	0.080	0.076	0.084	0.081	0.078	0.102	0.079	0.085	0.076	0.027	0.013	0.103	0.109	0.100	0.101	0.100	0.092	0.083	0.079	0.082	0.078	0.022	0.014
0:44:46	0.113	0.082	0.077	0.085	0.083	0.082	0.101	0.080	0.088	0.079	0.028	0.013	0.109	0.115	0.105	0.106	0.104	0.097	0.086	0.083	0.087	0.082	0.023	0.014
0:49:46	0.120	0.084	0.078	0.088	0.086	0.084	0.097	0.080	0.091	0.081	0.027	0.013	0.114	0.121	0.112	0.110	0.108	0.103	0.089	0.088	0.095	0.086	0.024	0.014
0:54:46	0.128	0.086	0.078	0.088	0.088	0.086	0.102	0.082	0.092	0.085	0.029	0.013	0.121	0.127	0.118	0.116	0.112	0.107	0.094	0.092	0.101	0.091	0.024	0.014
0:59:46	0.128	0.086	0.079	0.091	0.090	0.087	0.101	0.084	0.094	0.087	0.028	0.013	0.128	0.133	0.124	0.120	0.116	0.112	0.098	0.097	0.101	0.097	0.023	0.014
1:04:46	0.135	0.089	0.080	0.093	0.091	0.088	0.101	0.085	0.096	0.089	0.029	0.013	0.135	0.141	0.129	0.126	0.122	0.117	0.102	0.102	0.100	0.103	0.023	0.014
1:09:46	0.136	0.088	0.080	0.094	0.093	0.090	0.105	0.087	0.101	0.090	0.030	0.013	0.142	0.148	0.136	0.131	0.127	0.122	0.108	0.106	0.103	0.110	0.022	0.014
1:14:46	0.147	0.089	0.081	0.096	0.094	0.091	0.108	0.089	0.104	0.092	0.028	0.013	0.153	0.158	0.142	0.138	0.133	0.129	0.113	0.112	0.109	0.116	0.022	0.014
1:19:46	0.156	0.091	0.082	0.099	0.095	0.092	0.107	0.091	0.104	0.093	0.028	0.013	0.161	0.167	0.147	0.144	0.140	0.132	0.120	0.120	0.114	0.120	0.023	0.014
1:24:46	0.162	0.089	0.083	0.099	0.096	0.093	0.110	0.092	0.105	0.095	0.028	0.013	0.169	0.177	0.152	0.153	0.147	0.139	0.129	0.127	0.121	0.126	0.021	0.013
1:29:46	0.170	0.090	0.084	0.099	0.097	0.093	0.106	0.091	0.106	0.096	0.027	0.013	0.177	0.188	0.157	0.160	0.155	0.144	0.136	0.134	0.128	0.131	0.022	0.014
1:34:46	0.179	0.090	0.085	0.101	0.098	0.094	0.104	0.091	0.108	0.097	0.028	0.013	0.181	0.196	0.163	0.169	0.164	0.153	0.140	0.141	0.136	0.139	0.021	0.014
1:39:46	0.194	0.090	0.085	0.102	0.098	0.095	0.103	0.092	0.111	0.098	0.027	0.013	0.188	0.205	0.172	0.176	0.172	0.160	0.143	0.147	0.144	0.147	0.022	0.013
1:44:46	0.206	0.089	0.086	0.104	0.099	0.095	0.104	0.093	0.115	0.099	0.029	0.013	0.202	0.214	0.181	0.185	0.182	0.168	0.149	0.152	0.154	0.156	0.021	0.013
1:49:46	0.215	0.091	0.087	0.106	0.098	0.096	0.102	0.093	0.118	0.101	0.027	0.013	0.219	0.221	0.192	0.193	0.192	0.178	0.166	0.157	0.163	0.165	0.022	0.013
1:54:46	0.222	0.090	0.088	0.107	0.100	0.098	0.104	0.094	0.123	0.102	0.028	0.012	0.235	0.227	0.201	0.202	0.203	0.187	0.185	0.164	0.174	0.175	0.022	0.013
1:59:46	0.240	0.092	0.088	0.108	0.101	0.099	0.104	0.094	0.127	0.103	0.028	0.013	0.252	0.233	0.212	0.210	0.215	0.199	0.195	0.176	0.186	0.186	0.021	0.013
2:04:46	0.252	0.093	0.089	0.109	0.101	0.100	0.103	0.097	0.132	0.104	0.026	0.012	0.269	0.243	0.224	0.216	0.228	0.211	0.201	0.197	0.198	0.198	0.021	0.013
2:09:46	0.275	0.092	0.090	0.109	0.100	0.101	0.105	0.097	0.135	0.106	0.029	0.012	0.287	0.254	0.236	0.224	0.243	0.224	0.211	0.222	0.212	0.207	0.021	0.013
2:14:46	0.289	0.095	0.090	0.111	0.101	0.101	0.104	0.097	0.140	0.108	0.026	0.013	0.308	0.268	0.249	0.234	0.254	0.237	0.223	0.233	0.226	0.213	0.021	0.013
2:19:46	0.305	0.093	0.091	0.110	0.101	0.102	0.105	0.097	0.145	0.109	0.027	0.012	0.330	0.284	0.261	0.245	0.268	0.252	0.238	0.236	0.241	0.219	0.021	0.013
2:24:46	0.326	0.097	0.092	0.111	0.101	0.104	0.104	0.098	0.151	0.111	0.027	0.012	0.352	0.300	0.275	0.263	0.282	0.267	0.255	0.245	0.257	0.226	0.022	0.013
2:29:46	0.348	0.095	0.092	0.111	0.103	0.104	0.105	0.099	0.156	0.112	0.027	0.012	0.374	0.319	0.290	0.276	0.296	0.283	0.270	0.255	0.275	0.236	0.021	0.013
2:34:46	0.360	0.096	0.093	0.113	0.102	0.104	0.107	0.099	0.162	0.113	0.027	0.012	0.396	0.334	0.305	0.294	0.310	0.297	0.287	0.268	0.292	0.245	0.021	0.013
2:39:46	0.383	0.096	0.093	0.115	0.102	0.104	0.108	0.100	0.169	0.114	0.028	0.012	0.419	0.350	0.320	0.309	0.323	0.310	0.305	0.282	0.309	0.256	0.021	0.013
2:44:46	0.403	0.097	0.093	0.116	0.103	0.105	0.108	0.100	0.176	0.114	0.027	0.012	0.442	0.368	0.337	0.323	0.338	0.325	0.323	0.296	0.326	0.265	0.020	0.013
2:49:46	0.420	0.096	0.093	0.118	0.103	0.106	0.110	0.099	0.184	0.115	0.027	0.012	0.464	0.384	0.355	0.334	0.353	0.341	0.339	0.312	0.343	0.275	0.021	0.013
2:54:46	0.424	0.099	0.093	0.118	0.102	0.108	0.109	0.098	0.192	0.115	0.027	0.012	0.484	0.402	0.373	0.348	0.369	0.355	0.357	0.330	0.361	0.286	0.021	0.013
2:59:46	0.463	0.099	0.094	0.117	0.102	0.108	0.110	0.097	0.201	0.116	0.026	0.012	0.505	0.419	0.391	0.357	0.385	0.369	0.378	0.345	0.378	0.296	0.020	0.013
3:04:46	0.532	0.097	0.094	0.116	0.102	0.108	0.111	0.096	0.210	0.117	0.027	0.012	0.526	0.438	0.406	0.370	0.402	0.383	0.399	0.363	0.394	0.306	0.020	0.012
3:09:46	0.549	0.097	0.094	0.116	0.102	0.108	0.111	0.096	0.218	0.118	0.027	0.012	0.545	0.457	0.426	0.382	0.418	0.396	0.419	0.379	0.411	0.317	0.020	0.013
3:14:46	0.563	0.098	0.095	0.115	0.101	0.109	0.110	0.096	0.226	0.118	0.027	0.012	0.564	0.477	0.443	0.392	0.435	0.412	0.439	0.395	0.427	0.329	0.020	0.012
3:19:46	0.574	0.097	0.096	0.115	0.100	0.108	0.111	0.096	0.234	0.121	0.027	0.012	0.586	0.496	0.462	0.404	0.451	0.424	0.457	0.409	0.441	0.339	0.020	0.012
3:24:46	0.585	0.098	0.096	0.114	0.100	0.108	0.110	0.098	0.241	0.120	0.027	0.012	0.603	0.514	0.482	0.413	0.467	0.437	0.474	0.424	0.457	0.350	0.020	0.012
3:29:46	0.597	0.097	0.097	0.114	0.101	0.108	0.110	0.101	0.249	0.122	0.027	0.012	0.621	0.532	0.502	0.422	0.481	0.448	0.490	0.439	0.471	0.361	0.020	0.012
3:34:46	0.606	0.098	0.097	0.112	0.100	0.110	0.110	0.102	0.258	0.122	0.027	0.012	0.639	0.549	0.523	0.434	0.496	0.457	0.506	0.454	0.486	0.371	0.020	0.012
3:39:46	0.608	0.101	0.098	0.111	0.102	0.110	0.110	0.101	0.266	0.123	0.026	0.012	0.657	0.566	0.542	0.445	0.511	0.462	0.519	0.470	0.500	0.383	0.020	0.012
3:44:46	0.623	0.098	0.099	0.111	0.101	0.111	0.111	0.099	0.275	0.125	0.026	0.011	0.672	0.583	0.564	0.455	0.524	0.468	0.533	0.484	0.513	0.394	0.020	0.012
3:49:46	0.632	0.099	0.097	0.110	0.101	0.111	0.112	0.097	0.283	0.126	0.027	0.012	0.686	0.600	0.585	0.465	0.537	0.475	0.546	0.497	0.526	0.406	0.020	0.012
3:54:46	0.637	0.100	0.099	0.110	0.101	0.112	0.116	0.097	0.292	0.129	0.026	0.011	0.700	0.617	0.603	0.475	0.551	0.483	0.558	0.509	0.538	0.416	0.020	0.012
3:59:46	0.651	0.100	0.100	0.110	0.101	0.113	0.121	0.097	0.301	0.131	0.026	0.011	0.713	0.631	0.619	0.483	0.563	0.493	0.571	0.522	0.551	0.428	0.019	0.012
4:04:46	0.658	0.102	0.101	0.110	0.101	0.114	0.126	0.097	0.309	0.134	0.027	0.012	0.727	0.646	0.638	0.496	0.573	0.503	0.582	0.534	0.561	0.440	0.020	0.012
4:09:46	0.661	0.100	0.102	0.110	0.101	0.115	0.129	0.098	0.317	0.135	0.027	0.012	0.737	0.660	0.653	0.505	0.584	0.512	0.593	0.545	0.573	0.452	0.020	0.012
4:14:46	0.666	0.102	0.102	0.109	0.101	0.115	0.130	0.099	0.326	0.138	0.027	0.011	0.749	0.672	0.669	0.515	0.595	0.523	0.604	0.556	0.583	0.465	0.020	0.012
4:19:46	0.679	0.100	0.102	0.109	0.102	0.117	0.129	0.099	0.335	0.141	0.026	0.011	0.760	0.684	0.685	0.523	0.604	0.531	0.615	0.566	0.593	0.479	0.020	0.012
4:24:46	0.684	0.102	0.104	0.109	0.102	0.118	0.127	0.100	0.342	0.143	0.025	0.011	0.769	0.696	0.698	0.533	0.613	0.540	0.625	0.577	0.603	0.493	0.019	0.012
4:29:46	0.697	0.102	0.103	0.110	0.102	0.120	0.128	0.102	0.351	0.146	0.027	0.011	0.780	0.708	0.710	0.542	0.623	0.549	0.634	0.586	0.613	0.506	0.020	0.012
4:34:46	0.700	0.101	0.104	0.110	0.105	0.120	0.127	0.104	0.361	0.149	0.025	0.011	0.789	0.719	0.721	0.553	0.632	0.560	0.643	0.598	0.621	0.521	0.019	0.012
4:39:46	0.718	0.102	0.105	0.110	0.103	0.121	0.128	0.106	0.368	0.152	0.026	0.011	0.798	0.728	0.731	0.560	0.642	0.565	0.651	0.606	0.630	0.537	0.019	0.012
4:44:46	0.725	0.103	0.107	0.111	0.104	0.122	0.130	0.107	0.376	0.156	0.025	0.011	0.806	0.738	0.741	0.565	0.649	0.575	0.659	0.617	0.639	0.548	0.020	0.012
4:49:46	0.732	0.103	0.106	0.112	0.104	0.124	0.132	0.110	0.383	0.160	0.025	0.011	0.814	0.746	0.752	0.573	0.658	0.583	0.667	0.622	0.647	0.560	0.019	0.012
4:54:46	0.736	0.106	0.105	0.114	0.106	0.124	0.135	0.110	0.391	0.165	0.026	0.011	0.821	0.754	0.759	0.579	0.665	0.590	0.674	0.633	0.655	0.571	0.020	0.012
4:59:46	0.729	0.106	0.110	0.116	0.106	0.125	0.138	0.112	0.401	0.169	0.025	0.011	0.830	0.765	0.768	0.583	0.673	0.598	0.681	0.642	0.663	0.582	0.019	0.012
5:04:46	0.745	0.105	0.109	0.117	0.107	0.128	0.143	0.114	0.407	0.173	0.026	0.011	0.838	0.772	0.773	0.588	0.681	0.602	0.687	0.649	0.669	0.591	0.020	0.012
5:09:46	0.752	0.105	0.110	0.119	0.108	0.129	0.147	0.116	0.416	0.178	0.025	0.011	0.844	0.781	0.784	0.593	0.689	0.610	0.694	0.658	0.677	0.599	0.019	0.012
5:14:46	0.751	0.106	0.110	0.121	0.108	0.130	0.152	0.117	0.423	0.183	0.024	0.011	0.853	0.786	0.791	0.600	0.695	0.615	0.699	0.664	0.684	0.611	0.019	0.012
5:19:46	0.760	0.108	0.111	0.124	0.111	0.131	0.157	0.118	0.431	0.188	0.025	0.011	0.858	0.795	0.797	0.607	0.702	0.624	0.704	0.672	0.691	0.622	0.019	0.012
5:24:46	0.768	0.109	0.113	0.126	0.110	0.132	0.161	0.120	0.439	0.192	0.024	0.011	0.866	0.801	0.807	0.613	0.710	0.625	0.710	0.680	0.698	0.632	0.019	0.012
5:29:46	0.772	0.109	0.112	0.127	0.111	0.133	0.167	0.121	0.448	0.198	0.025	0.011	0.871	0.808	0.810	0.620	0.718	0.633	0.715	0.688	0.704	0.642	0.019	0.012
5:34:46	0.774	0.110	0.114	0.130	0.111	0.134	0.173	0.122	0.455	0.206	0.025	0.011	0.876	0.816	0.818	0.627	0.722	0.638	0.719	0.695	0.711	0.650	0.018	0.012
5:39:46	0.777	0.112	0.117	0.134	0.113	0.134	0.179	0.124	0.463	0.211	0.024	0.011	0.883	0.822	0.824	0.634	0.728	0.643	0.724	0.700	0.718	0.659	0.019	0.012
5:44:46	0.781	0.111	0.116	0.141	0.114	0.136	0.185	0.125	0.471	0.218	0.025	0.011	0.888	0.829	0.830	0.642	0.735	0.648	0.729	0.707	0.723	0.668	0.018	0.011
5:49:46	0.786	0.114	0.118	0.145	0.115	0.140	0.191	0.125	0.475	0.222	0.025	0.010	0.892	0.835	0.837	0.647	0.740	0.652	0.733	0.717	0.729	0.679	0.018	0.011
5:54:46	0.788	0.115	0.120	0.150	0.117	0.143	0.198	0.126	0.479	0.227	0.025	0.011	0.899	0.839	0.841	0.655	0.746	0.655	0.738	0.722	0.735	0.688	0.018	0.011
5:59:46	0.792	0.114	0.119	0.155	0.116	0.145	0.206	0.128	0.482	0.233	0.024	0.011	0.902	0.847	0.846	0.661	0.752	0.661	0.741	0.728	0.742	0.695	0.018	0.012
6:04:46	0.798	0.115	0.122	0.160	0.116	0.147	0.214	0.129	0.486	0.237	0.025	0.011	0.906	0.853	0.851	0.668	0.758	0.665	0.746	0.737	0.746	0.703	0.019	0.012
6:09:46	0.799	0.115	0.123	0.168	0.118	0.146	0.223	0.130	0.491	0.241	0.025	0.011	0.911	0.859	0.855	0.675	0.763	0.670	0.747	0.742	0.751	0.713	0.019	0.011
6:14:46	0.808	0.122	0.124	0.176	0.119	0.149	0.232	0.131	0.496	0.245	0.025	0.011	0.917	0.862	0.861	0.680	0.768	0.671	0.751	0.748	0.754	0.723	0.019	0.011
6:19:46	0.808	0.119	0.126	0.183	0.122	0.149	0.244	0.131	0.502	0.249	0.025	0.011	0.919	0.869	0.867	0.684	0.773	0.672	0.754	0.753	0.760	0.730	0.018	0.012
6:24:46	0.816	0.120	0.126	0.191	0.122	0.150	0.255	0.133	0.507	0.254	0.024	0.011	0.923	0.874	0.870	0.688	0.779	0.679	0.757	0.757	0.764	0.736	0.018	0.012
6:29:46	0.821	0.121	0.130	0.192	0.125	0.151	0.264	0.135	0.513	0.259	0.024	0.010	0.927	0.879	0.877	0.693	0.783	0.678	0.760	0.763	0.768	0.744	0.018	0.011
6:34:46	0.821	0.125	0.133	0.225	0.126	0.152	0.273	0.137	0.519	0.264	0.024	0.011	0.930	0.882	0.879	0.698	0.789	0.683	0.763	0.767	0.773	0.752	0.018	0.011
6:39:46	0.825	0.128	0.134	0.201	0.128	0.151	0.280	0.139	0.527	0.270	0.025	0.010	0.932	0.888	0.884	0.702	0.794	0.687	0.766	0.772	0.777	0.762	0.018	0.011
6:44:46	0.834	0.127	0.139	0.238	0.130	0.153	0.288	0.141	0.533	0.275	0.024	0.010	0.934	0.893	0.891	0.706	0.800	0.687	0.769	0.777	0.780	0.769	0.018	0.011
6:49:46	0.842	0.126	0.136	0.222	0.134	0.152	0.296	0.144	0.539	0.281	0.025	0.010	0.937	0.899	0.893	0.709	0.801	0.690	0.771	0.780	0.784	0.775	0.017	0.011
6:54:46	0.860	0.127	0.139	0.234	0.136	0.153	0.304	0.147	0.545	0.288	0.023	0.010	0.940	0.902	0.897	0.715	0.806	0.692	0.774	0.782	0.788	0.783	0.017	0.011
6:59:46	0.866	0.134	0.140	0.240	0.139	0.155	0.311	0.148	0.552	0.293	0.024	0.010	0.940	0.906	0.900	0.717	0.810	0.698	0.775	0.788	0.792	0.790	0.017	0.011
7:04:46	0.859	0.133	0.141	0.250	0.143	0.160	0.319	0.151	0.558	0.299	0.024	0.010	0.943	0.911	0.905	0.723	0.814	0.697	0.778	0.789	0.794	0.794	0.018	0.011
7:09:46	0.866	0.141	0.142	0.256	0.144	0.164	0.326	0.154	0.563	0.304	0.024	0.010	0.943	0.913	0.908	0.727	0.816	0.699	0.778	0.796	0.799	0.806	0.018	0.011
7:14:46	0.864	0.134	0.146	0.265	0.146	0.161	0.335	0.156	0.569	0.311	0.023	0.010	0.944	0.917	0.911	0.731	0.821	0.701	0.782	0.798	0.799	0.807	0.017	0.011
7:19:46	0.870	0.134	0.152	0.289	0.150	0.158	0.342	0.159	0.576	0.316	0.023	0.010	0.944	0.921	0.916	0.734	0.824	0.703	0.782	0.802	0.803	0.818	0.017	0.011
7:24:46	0.865	0.138	0.151	0.284	0.154	0.159	0.350	0.162	0.580	0.323	0.024	0.010	0.945	0.923	0.917	0.739	0.827	0.705	0.785	0.803	0.805	0.820	0.018	0.011
7:29:46	0.864	0.140	0.158	0.289	0.159	0.159	0.358	0.166	0.586	0.329	0.024	0.010	0.947	0.927	0.917	0.743	0.831	0.706	0.785	0.810	0.807	0.829	0.018	0.011
7:34:46	0.861	0.145	0.164	0.359	0.166	0.160	0.365	0.168	0.591	0.335	0.024	0.010	0.948	0.932	0.914	0.746	0.833	0.707	0.785	0.814	0.811	0.834	0.017	0.011
7:39:46	0.863	0.147	0.192	0.361	0.168	0.162	0.374	0.171	0.595	0.341	0.023	0.010	0.949	0.934	0.918	0.749	0.835	0.709	0.788	0.817	0.813	0.842	0.017	0.011
7:44:46	0.861	0.151	0.189	0.317	0.176	0.164	0.382	0.173	0.600	0.346	0.024	0.010	0.949	0.938	0.919	0.754	0.836	0.709	0.789	0.820	0.815	0.848	0.017	0.011
7:49:46	0.868	0.157	0.208	0.317	0.184	0.166	0.389	0.176	0.606	0.352	0.023	0.010	0.950	0.941	0.919	0.759	0.838	0.711	0.792	0.823	0.817	0.853	0.018	0.011
7:54:46	0.879	0.156	0.206	0.390	0.191	0.170	0.396	0.180	0.611	0.357	0.023	0.010	0.949	0.945	0.921	0.761	0.842	0.711	0.792	0.825	0.820	0.861	0.017	0.011
7:59:46	0.881	0.164	0.215	0.364	0.196	0.174	0.404	0.183	0.615	0.360	0.024	0.010	0.950	0.947	0.917	0.762	0.842	0.710	0.793	0.830	0.821	0.867	0.017	0.011
8:04:46	0.886	0.164	0.240	0.365	0.206	0.177	0.411	0.187	0.620	0.362	0.023	0.010	0.951	0.950	0.919	0.766	0.845	0.709	0.795	0.832	0.823	0.870	0.017	0.011
8:09:46	0.896	0.176	0.245	0.373	0.208	0.180	0.418	0.191	0.624	0.365	0.023	0.010	0.952	0.951	0.917	0.772	0.847	0.709	0.793	0.836	0.825	0.880	0.017	0.011
8:14:46	0.897	0.185	0.246	0.347	0.213	0.182	0.425	0.195	0.628	0.368	0.023	0.010	0.952	0.956	0.916	0.773	0.849	0.710	0.793	0.842	0.829	0.882	0.017	0.011
8:19:46	0.897	0.187	0.251	0.425	0.219	0.186	0.432	0.198	0.632	0.372	0.023	0.010	0.952	0.959	0.914	0.775	0.850	0.710	0.794	0.842	0.830	0.885	0.018	0.011
8:24:46	0.898	0.199	0.258	0.423	0.227	0.189	0.436	0.203	0.636	0.377	0.023	0.010	0.951	0.960	0.914	0.779	0.852	0.709	0.792	0.849	0.829	0.891	0.017	0.011
8:29:46	0.892	0.211	0.264	0.429	0.234	0.192	0.438	0.208	0.640	0.382	0.022	0.010	0.952	0.963	0.912	0.781	0.853	0.709	0.794	0.849	0.831	0.893	0.017	0.011
8:34:46	0.894	0.209	0.269	0.441	0.239	0.193	0.442	0.212	0.643	0.387	0.024	0.010	0.952	0.966	0.914	0.784	0.855	0.709	0.793	0.853	0.832	0.895	0.017	0.011
8:39:46	0.886	0.220	0.275	0.444	0.240	0.194	0.446	0.217	0.647	0.392	0.023	0.010	0.952	0.969	0.912	0.787	0.857	0.709	0.793	0.858	0.831	0.900	0.017	0.011
8:44:46	0.885	0.237	0.281	0.435	0.247	0.197	0.450	0.221	0.652	0.397	0.023	0.010	0.953	0.970	0.912	0.788	0.858	0.708	0.790	0.858	0.833	0.901	0.017	0.011
8:49:46	0.883	0.267	0.290	0.507	0.254	0.197	0.456	0.227	0.655	0.402	0.023	0.010	0.953	0.972	0.912	0.790	0.859	0.707	0.791	0.855	0.834	0.907	0.017	0.011
8:54:46	0.887	0.263	0.296	0.485	0.262	0.199	0.462	0.232	0.658	0.405	0.022	0.009	0.953	0.974	0.913	0.792	0.860	0.708	0.790	0.860	0.835	0.912	0.016	0.011
8:59:46	0.894	0.258	0.304	0.490	0.271	0.201	0.469	0.238	0.662	0.410	0.022	0.009	0.952	0.976	0.914	0.790	0.860	0.706	0.787	0.861	0.834	0.910	0.017	0.011
9:04:46	0.894	0.286	0.311	0.484	0.280	0.203	0.474	0.244	0.664	0.415	0.022	0.009	0.954	0.976	0.914	0.791	0.862	0.705	0.787	0.861	0.834	0.912	0.017	0.011
9:09:46	0.898	0.272	0.318	0.514	0.293	0.207	0.483	0.248	0.669	0.420	0.022	0.009	0.953	0.977	0.917	0.795	0.860	0.704	0.785	0.862	0.836	0.916	0.016	0.011
9:14:46	0.898	0.288	0.328	0.521	0.297	0.208	0.489	0.255	0.671	0.424	0.023	0.009	0.953	0.980	0.917	0.790	0.861	0.704	0.784	0.861	0.836	0.915	0.016	0.011
9:19:46	0.897	0.301	0.336	0.538	0.309	0.210	0.494	0.262	0.673	0.429	0.022	0.009	0.954	0.981	0.916	0.794	0.861	0.703	0.784	0.861	0.835	0.915	0.017	0.011
9:24:46	0.897	0.311	0.342	0.554	0.339	0.212	0.502	0.268	0.677	0.433	0.021	0.009	0.953	0.983	0.918	0.793	0.861	0.702	0.782	0.862	0.836	0.922	0.017	0.011
9:29:46	0.898	0.315	0.349	0.563	0.311	0.217	0.508	0.275	0.679	0.439	0.024	0.009	0.954	0.982	0.919	0.796	0.861	0.702	0.782	0.864	0.836	0.916	0.017	0.011
9:34:46	0.896	0.319	0.356	0.568	0.318	0.220	0.515	0.281	0.682	0.443	0.022	0.009	0.954	0.985	0.918	0.794	0.861	0.702	0.781	0.863	0.835	0.917	0.016	0.011
9:39:46	0.898	0.322	0.365	0.569	0.324	0.222	0.522	0.287	0.684	0.447	0.022	0.009	0.954	0.984	0.920	0.795	0.861	0.701	0.778	0.862	0.836	0.911	0.017	0.011
9:44:46	0.900	0.325	0.372	0.570	0.327	0.227	0.528	0.293	0.689	0.451	0.022	0.009	0.954	0.984	0.919	0.793	0.860	0.700	0.778	0.862	0.835	0.923	0.016	0.011
9:49:46	0.899	0.324	0.379	0.593	0.333	0.230	0.535	0.302	0.691	0.457	0.022	0.009	0.955	0.986	0.921	0.796	0.861	0.699	0.778	0.861	0.835	0.931	0.016	0.011
9:54:46	0.897	0.329	0.387	0.609	0.340	0.232	0.542	0.307	0.692	0.461	0.022	0.009	0.955	0.987	0.920	0.795	0.860	0.698	0.776	0.860	0.836	0.915	0.017	0.011
9:59:46	0.886	0.336	0.393	0.602	0.345	0.237	0.548	0.313	0.694	0.466	0.022	0.009	0.955	0.987	0.921	0.795	0.859	0.699	0.776	0.862	0.835	0.925	0.016	0.011
10:04:46	0.898	0.345	0.400	0.630	0.402	0.240	0.553	0.320	0.697	0.472	0.022	0.009	0.954	0.988	0.921	0.793	0.859	0.696	0.773	0.859	0.836	0.926	0.017	0.011
10:09:46	0.891	0.348	0.406	0.635	0.395	0.243	0.560	0.326	0.698	0.474	0.021	0.009	0.954	0.987	0.922	0.794	0.858	0.698	0.774	0.861	0.836	0.929	0.016	0.011
10:14:46	0.892	0.359	0.413	0.641	0.378	0.246	0.565	0.332	0.698	0.479	0.021	0.009	0.954	0.987	0.922	0.796	0.858	0.695	0.774	0.859	0.836	0.931	0.017	0.010
10:19:46	0.873	0.368	0.420	0.640	0.380	0.249	0.571	0.338	0.699	0.483	0.021	0.009	0.954	0.988	0.922	0.794	0.858	0.695	0.773	0.859	0.836	0.927	0.016	0.011
10:24:46	0.885	0.376	0.424	0.645	0.402	0.253	0.577	0.344	0.701	0.488	0.021	0.009	0.954	0.987	0.923	0.797	0.857	0.695	0.773	0.857	0.834	0.935	0.017	0.011
10:29:46	0.871	0.384	0.427	0.638	0.408	0.256	0.583	0.349	0.700	0.492	0.021	0.009	0.954	0.989	0.924	0.794	0.857	0.693	0.773	0.859	0.833	0.898	0.016	0.011
10:34:46	0.877	0.393	0.429	0.642	0.409	0.261	0.588	0.355	0.700	0.496	0.022	0.009	0.954	0.988	0.922	0.794	0.855	0.695	0.771	0.857	0.836	0.931	0.017	0.011
10:39:46	0.870	0.404	0.430	0.674	0.392	0.262	0.594	0.361	0.700	0.499	0.021	0.009	0.954	0.987	0.922	0.794	0.855	0.693	0.770	0.859	0.831	0.914	0.017	0.011
10:44:46	0.870	0.409	0.433	0.666	0.390	0.267	0.598	0.366	0.701	0.502	0.021	0.009	0.954	0.986	0.923	0.793	0.857	0.691	0.771	0.860	0.834	0.924	0.017	0.011
10:49:46	0.869	0.418	0.440	0.672	0.390	0.269	0.606	0.372	0.702	0.506	0.021	0.009	0.954	0.987	0.924	0.793	0.855	0.693	0.773	0.857	0.832	0.937	0.016	0.011
10:54:46	0.871	0.426	0.423	0.671	0.401	0.272	0.609	0.376	0.702	0.510	0.021	0.009	0.954	0.987	0.923	0.792	0.854	0.690	0.771	0.856	0.835	0.933	0.017	0.011
10:59:46	0.868	0.435	0.459	0.684	0.418	0.275	0.614	0.382	0.701	0.514	0.021	0.009	0.954	0.986	0.923	0.791	0.855	0.690	0.770	0.854	0.832	0.908	0.016	0.010
11:04:46	0.880	0.440	0.480	0.684	0.474	0.279	0.619	0.387	0.701	0.517	0.022	0.009	0.954	0.987	0.923	0.791	0.853	0.691	0.770	0.854	0.831	0.915	0.016	0.010
11:09:46	0.869	0.451	0.424	0.661	0.505	0.282	0.623	0.391	0.702	0.520	0.021	0.009	0.954	0.985	0.924	0.790	0.852	0.690	0.769	0.854	0.833	0.917	0.016	0.011
11:14:46	0.869	0.457	0.465	0.658	0.471	0.285	0.628	0.393	0.701	0.523	0.021	0.009	0.954	0.985	0.922	0.788	0.851	0.689	0.770	0.854	0.833	0.939	0.016	0.010
11:19:46	0.865	0.464	0.495	0.662	0.486	0.288	0.633	0.395	0.701	0.527	0.021	0.009	0.955	0.985	0.922	0.792	0.852	0.689	0.771	0.855	0.832	0.944	0.016	0.011
11:24:46	0.867	0.472	0.481	0.667	0.532	0.291	0.637	0.397	0.701	0.529	0.021	0.009	0.954	0.982	0.923	0.789	0.851	0.690	0.769	0.852	0.831	0.928	0.016	0.010
11:29:46	0.871	0.482	0.516	0.679	0.542	0.293	0.643	0.402	0.700	0.533	0.020	0.009	0.954	0.982	0.923	0.788	0.850	0.688	0.770	0.851	0.832	0.945	0.016	0.011
11:34:46	0.866	0.489	0.467	0.679	0.549	0.297	0.643	0.405	0.702	0.535	0.021	0.008	0.954	0.981	0.923	0.788	0.849	0.687	0.768	0.853	0.833	0.939	0.015	0.010
11:39:46	0.867	0.495	0.531	0.680	0.559	0.300	0.649	0.410	0.701	0.540	0.020	0.009	0.954	0.982	0.922	0.789	0.849	0.687	0.769	0.853	0.832	0.940	0.016	0.011
11:44:46	0.865	0.502	0.533	0.683	0.551	0.302	0.654	0.414	0.701	0.541	0.020	0.008	0.954	0.983	0.922	0.787	0.849	0.686	0.769	0.851	0.832	0.943	0.016	0.010
11:49:46	0.865	0.508	0.490	0.687	0.558	0.306	0.658	0.420	0.700	0.543	0.020	0.008	0.943	0.979	0.922	0.789	0.848	0.685	0.769	0.849	0.832	0.937	0.016	0.010
11:54:46	0.866	0.518	0.454	0.690	0.519	0.307	0.663	0.424	0.700	0.546	0.022	0.008	0.933	0.978	0.923	0.785	0.848	0.686	0.768	0.851	0.831	0.941	0.016	0.011
11:59:46	0.863	0.524	0.485	0.697	0.527	0.310	0.665	0.428	0.700	0.550	0.020	0.008	0.935	0.979	0.922	0.783	0.849	0.686	0.769	0.852	0.828	0.941	0.016	0.010
12:04:46	0.863	0.531	0.456	0.700	0.534	0.313	0.670	0.434	0.700	0.552	0.021	0.008	0.937	0.979	0.923	0.784	0.848	0.683	0.769	0.850	0.828	0.941	0.016	0.011

