

Software Version	3.02.1



Experiment File Path:	C:\Users\Public\Documents\Experiments\culviner\all_toxins_publication\190607_toxins_growth2.xpt
Protocol File Path:	C:\Users\Public\Documents\Protocols\Steph\peter_24well.prt



Plate Number	Plate 3
Date	6/8/2019
Time	3:33:10 PM
Reader Type:	Synergy H1
Reader Serial Number:	1902271B
Reading Type	Reader

Procedure Details

Plate Type	24 WELL PLATE
Eject plate on completion	
Set Temperature	Setpoint 37°C
	Preheat before moving to next step
Start Kinetic	Runtime 12:00:00 (HH:MM:SS), Interval 0:05:00, 145 Reads
    Shake	Double Orbital: Continuous
	Frequency: 307 cpm (5 mm)
    Read	OD600
	Absorbance Endpoint
	Full Plate
	Wavelengths:  600
	Read Speed: Normal,  Delay: 100 msec,  Measurements/Data Point: 8
End Kinetic	

OD600:600

Time	T° OD600:600	A1	A2	A3	A4	A5	A6	B1	B2	B3	B4	B5	B6	C1	C2	C3	C4	C5	C6	D1	D2	D3	D4	D5	D6
0:04:46	37.0	0.171	0.170	0.167	0.164	0.163	0.155	0.155	0.159	0.158	0.158	0.116	0.121	0.173	0.172	0.167	0.168	0.164	0.163	0.163	0.153	0.164	0.160	0.118	0.114
0:09:46	37.0	0.174	0.171	0.172	0.164	0.165	0.158	0.157	0.161	0.161	0.161	0.116	0.121	0.176	0.174	0.168	0.170	0.167	0.166	0.166	0.155	0.167	0.162	0.118	0.114
0:14:46	37.0	0.180	0.172	0.172	0.165	0.167	0.161	0.158	0.163	0.163	0.163	0.117	0.121	0.180	0.177	0.171	0.172	0.170	0.168	0.168	0.158	0.170	0.164	0.119	0.114
0:19:46	37.0	0.184	0.173	0.175	0.166	0.168	0.164	0.160	0.165	0.165	0.165	0.118	0.121	0.183	0.180	0.173	0.175	0.172	0.171	0.170	0.161	0.172	0.167	0.119	0.114
0:24:46	36.9	0.186	0.174	0.177	0.168	0.170	0.166	0.162	0.167	0.166	0.167	0.119	0.121	0.187	0.183	0.174	0.177	0.175	0.174	0.172	0.163	0.173	0.170	0.119	0.114
0:29:46	37.0	0.190	0.175	0.179	0.171	0.171	0.169	0.164	0.169	0.169	0.170	0.119	0.121	0.191	0.187	0.178	0.181	0.178	0.179	0.175	0.167	0.174	0.173	0.119	0.114
0:34:46	37.0	0.193	0.176	0.183	0.171	0.173	0.172	0.167	0.171	0.173	0.173	0.121	0.121	0.196	0.192	0.181	0.185	0.183	0.183	0.178	0.171	0.178	0.178	0.119	0.114
0:39:46	37.0	0.199	0.177	0.187	0.173	0.173	0.175	0.169	0.173	0.175	0.176	0.122	0.121	0.202	0.197	0.186	0.189	0.186	0.187	0.180	0.175	0.182	0.182	0.119	0.114
0:44:46	37.0	0.204	0.179	0.192	0.175	0.176	0.178	0.171	0.175	0.178	0.179	0.121	0.121	0.208	0.204	0.191	0.193	0.191	0.193	0.182	0.181	0.186	0.186	0.119	0.114
0:49:46	37.0	0.207	0.181	0.197	0.177	0.177	0.181	0.174	0.177	0.182	0.183	0.121	0.121	0.215	0.211	0.196	0.199	0.196	0.197	0.185	0.186	0.192	0.191	0.119	0.114
0:54:46	37.0	0.211	0.182	0.201	0.181	0.179	0.183	0.177	0.180	0.184	0.185	0.121	0.121	0.221	0.218	0.203	0.204	0.202	0.201	0.186	0.192	0.199	0.196	0.119	0.114
0:59:46	36.9	0.213	0.184	0.204	0.181	0.179	0.185	0.178	0.182	0.189	0.187	0.121	0.120	0.226	0.224	0.208	0.209	0.209	0.205	0.190	0.198	0.207	0.202	0.120	0.114
1:04:46	37.0	0.219	0.185	0.204	0.183	0.181	0.186	0.180	0.183	0.196	0.188	0.120	0.120	0.233	0.228	0.213	0.215	0.215	0.210	0.198	0.204	0.215	0.208	0.120	0.114
1:09:46	37.0	0.226	0.188	0.207	0.185	0.182	0.188	0.181	0.185	0.203	0.190	0.120	0.120	0.237	0.233	0.219	0.221	0.221	0.215	0.208	0.209	0.221	0.214	0.120	0.114
1:14:46	37.0	0.231	0.189	0.208	0.187	0.183	0.190	0.182	0.186	0.210	0.191	0.120	0.120	0.241	0.239	0.222	0.228	0.227	0.221	0.212	0.214	0.228	0.222	0.119	0.114
1:19:46	37.0	0.238	0.189	0.207	0.189	0.184	0.191	0.183	0.188	0.215	0.192	0.120	0.120	0.245	0.245	0.226	0.237	0.233	0.227	0.218	0.217	0.235	0.229	0.119	0.114
1:24:46	37.0	0.243	0.191	0.209	0.190	0.185	0.192	0.183	0.188	0.219	0.193	0.121	0.120	0.253	0.249	0.232	0.239	0.239	0.233	0.224	0.221	0.243	0.235	0.120	0.114
1:29:46	37.0	0.254	0.192	0.210	0.192	0.186	0.193	0.184	0.190	0.223	0.193	0.121	0.120	0.261	0.253	0.241	0.243	0.245	0.240	0.232	0.224	0.252	0.243	0.120	0.114
1:34:46	37.0	0.261	0.195	0.210	0.195	0.187	0.193	0.184	0.191	0.228	0.194	0.122	0.120	0.271	0.258	0.251	0.249	0.252	0.248	0.239	0.231	0.261	0.249	0.120	0.114
1:39:46	37.0	0.267	0.193	0.208	0.198	0.188	0.195	0.185	0.192	0.234	0.195	0.121	0.120	0.282	0.265	0.261	0.259	0.260	0.256	0.247	0.241	0.271	0.256	0.120	0.114
1:44:46	37.0	0.280	0.193	0.208	0.198	0.188	0.195	0.185	0.193	0.241	0.195	0.121	0.120	0.294	0.273	0.272	0.260	0.269	0.265	0.256	0.254	0.282	0.262	0.120	0.114
1:49:46	37.0	0.291	0.204	0.206	0.198	0.189	0.197	0.185	0.195	0.249	0.197	0.119	0.119	0.306	0.283	0.280	0.268	0.277	0.275	0.264	0.269	0.294	0.270	0.119	0.114
1:54:46	37.0	0.299	0.194	0.207	0.197	0.190	0.198	0.185	0.196	0.257	0.198	0.120	0.119	0.321	0.293	0.290	0.279	0.286	0.285	0.274	0.277	0.306	0.277	0.119	0.113
1:59:46	37.0	0.310	0.194	0.209	0.198	0.190	0.199	0.186	0.197	0.266	0.200	0.119	0.119	0.336	0.304	0.298	0.290	0.296	0.295	0.285	0.284	0.318	0.286	0.120	0.114
2:04:46	37.0	0.326	0.195	0.209	0.196	0.191	0.200	0.187	0.198	0.275	0.201	0.118	0.119	0.353	0.316	0.304	0.301	0.306	0.307	0.296	0.290	0.332	0.296	0.119	0.113
2:09:46	37.0	0.338	0.196	0.210	0.195	0.192	0.200	0.187	0.199	0.284	0.202	0.120	0.119	0.370	0.326	0.312	0.313	0.317	0.319	0.309	0.300	0.347	0.304	0.119	0.113
2:14:46	37.0	0.358	0.194	0.210	0.196	0.193	0.200	0.188	0.200	0.294	0.204	0.119	0.119	0.389	0.340	0.320	0.327	0.329	0.331	0.321	0.311	0.370	0.312	0.119	0.113
2:19:46	37.0	0.371	0.194	0.211	0.197	0.194	0.202	0.190	0.200	0.309	0.205	0.121	0.119	0.407	0.352	0.332	0.338	0.341	0.344	0.331	0.326	0.379	0.321	0.119	0.113
2:24:46	37.0	0.383	0.195	0.212	0.198	0.195	0.203	0.190	0.199	0.322	0.207	0.121	0.119	0.422	0.365	0.346	0.350	0.354	0.358	0.343	0.339	0.393	0.330	0.119	0.113
2:29:46	37.0	0.406	0.195	0.212	0.199	0.195	0.204	0.190	0.198	0.327	0.208	0.122	0.119	0.440	0.379	0.355	0.358	0.367	0.369	0.357	0.354	0.410	0.339	0.119	0.113
2:34:46	37.0	0.417	0.196	0.214	0.201	0.198	0.205	0.191	0.201	0.338	0.209	0.121	0.119	0.456	0.393	0.369	0.370	0.379	0.381	0.372	0.368	0.424	0.348	0.119	0.113
2:39:46	37.0	0.439	0.195	0.214	0.198	0.197	0.206	0.192	0.197	0.350	0.210	0.120	0.119	0.471	0.406	0.382	0.384	0.394	0.393	0.385	0.380	0.440	0.357	0.119	0.113
2:44:46	37.0	0.458	0.197	0.213	0.199	0.198	0.207	0.193	0.197	0.363	0.212	0.121	0.119	0.486	0.419	0.397	0.398	0.407	0.405	0.400	0.396	0.456	0.365	0.119	0.113
2:49:46	37.0	0.460	0.197	0.214	0.200	0.198	0.207	0.193	0.198	0.375	0.214	0.119	0.119	0.501	0.434	0.412	0.410	0.422	0.418	0.416	0.412	0.471	0.374	0.119	0.113
2:54:46	37.0	0.475	0.198	0.214	0.201	0.199	0.209	0.193	0.199	0.388	0.215	0.118	0.119	0.516	0.450	0.427	0.424	0.437	0.431	0.430	0.428	0.485	0.384	0.119	0.113
2:59:46	37.0	0.524	0.199	0.214	0.202	0.199	0.210	0.193	0.201	0.400	0.216	0.118	0.118	0.530	0.465	0.444	0.435	0.451	0.443	0.446	0.443	0.498	0.393	0.119	0.113
3:04:46	37.0	0.550	0.200	0.216	0.204	0.200	0.211	0.191	0.201	0.412	0.218	0.118	0.118	0.545	0.479	0.459	0.445	0.466	0.456	0.461	0.459	0.511	0.403	0.119	0.113
3:09:46	37.0	0.557	0.200	0.215	0.206	0.201	0.212	0.190	0.201	0.423	0.220	0.119	0.118	0.558	0.494	0.473	0.454	0.479	0.469	0.474	0.475	0.523	0.411	0.119	0.113
3:14:46	37.0	0.567	0.201	0.215	0.205	0.202	0.211	0.189	0.198	0.435	0.222	0.120	0.118	0.571	0.509	0.487	0.464	0.494	0.481	0.487	0.489	0.536	0.420	0.119	0.113
3:19:46	37.0	0.576	0.201	0.216	0.206	0.203	0.212	0.188	0.197	0.446	0.224	0.120	0.118	0.584	0.523	0.499	0.475	0.506	0.494	0.501	0.504	0.548	0.430	0.119	0.113
3:24:46	37.0	0.585	0.199	0.217	0.207	0.203	0.213	0.189	0.197	0.456	0.225	0.121	0.118	0.596	0.537	0.512	0.485	0.519	0.506	0.512	0.518	0.559	0.439	0.118	0.113
3:29:46	37.0	0.594	0.200	0.217	0.207	0.205	0.213	0.190	0.196	0.466	0.227	0.120	0.118	0.608	0.550	0.526	0.496	0.531	0.514	0.523	0.529	0.569	0.448	0.119	0.113
3:34:46	37.0	0.592	0.202	0.219	0.208	0.205	0.214	0.191	0.197	0.475	0.229	0.121	0.118	0.618	0.562	0.539	0.507	0.543	0.523	0.533	0.542	0.580	0.457	0.118	0.113
3:39:46	37.0	0.599	0.201	0.219	0.209	0.207	0.214	0.193	0.197	0.485	0.231	0.120	0.118	0.629	0.575	0.552	0.518	0.554	0.529	0.543	0.553	0.589	0.466	0.118	0.113
3:44:46	37.0	0.609	0.203	0.221	0.210	0.208	0.214	0.195	0.198	0.494	0.233	0.119	0.118	0.638	0.587	0.565	0.529	0.564	0.535	0.553	0.564	0.599	0.475	0.118	0.113
3:49:46	37.0	0.609	0.204	0.220	0.211	0.210	0.214	0.196	0.199	0.503	0.236	0.118	0.118	0.646	0.598	0.578	0.539	0.575	0.543	0.561	0.576	0.608	0.484	0.119	0.113
3:54:46	37.0	0.623	0.204	0.221	0.212	0.211	0.214	0.199	0.200	0.512	0.239	0.118	0.118	0.654	0.608	0.591	0.549	0.585	0.552	0.570	0.587	0.617	0.494	0.118	0.113
3:59:46	37.0	0.620	0.205	0.220	0.214	0.212	0.214	0.201	0.202	0.520	0.242	0.117	0.118	0.663	0.619	0.604	0.560	0.594	0.559	0.577	0.597	0.625	0.503	0.119	0.113
4:04:46	37.0	0.622	0.207	0.221	0.214	0.213	0.214	0.203	0.203	0.529	0.246	0.118	0.118	0.670	0.628	0.614	0.570	0.602	0.567	0.585	0.606	0.633	0.513	0.119	0.113
4:09:46	37.0	0.625	0.205	0.224	0.217	0.213	0.216	0.206	0.205	0.539	0.250	0.119	0.118	0.677	0.637	0.626	0.580	0.611	0.574	0.593	0.616	0.640	0.523	0.118	0.113
4:14:46	37.0	0.630	0.209	0.222	0.219	0.217	0.215	0.208	0.206	0.547	0.254	0.119	0.118	0.683	0.644	0.634	0.589	0.619	0.580	0.599	0.624	0.647	0.534	0.119	0.113
4:19:46	37.0	0.638	0.211	0.223	0.221	0.218	0.215	0.211	0.207	0.555	0.260	0.120	0.118	0.690	0.653	0.644	0.598	0.626	0.588	0.607	0.632	0.654	0.547	0.118	0.113
4:24:46	37.0	0.641	0.211	0.223	0.223	0.220	0.216	0.213	0.211	0.563	0.267	0.120	0.118	0.696	0.660	0.652	0.607	0.632	0.593	0.613	0.640	0.661	0.562	0.118	0.113
4:29:46	36.9	0.646	0.208	0.225	0.225	0.223	0.217	0.216	0.213	0.570	0.274	0.119	0.118	0.701	0.666	0.659	0.615	0.640	0.601	0.618	0.647	0.669	0.578	0.119	0.113
4:34:46	37.0	0.651	0.211	0.226	0.225	0.225	0.219	0.220	0.215	0.578	0.281	0.119	0.117	0.707	0.673	0.669	0.622	0.645	0.608	0.622	0.654	0.673	0.594	0.118	0.113
4:39:46	37.0	0.660	0.209	0.225	0.226	0.227	0.219	0.222	0.216	0.585	0.289	0.118	0.117	0.712	0.679	0.673	0.630	0.653	0.613	0.628	0.660	0.679	0.605	0.118	0.112
4:44:46	37.0	0.663	0.213	0.228	0.229	0.229	0.221	0.226	0.219	0.593	0.299	0.119	0.117	0.717	0.686	0.680	0.636	0.658	0.619	0.633	0.667	0.685	0.616	0.118	0.113
4:49:46	37.0	0.670	0.211	0.230	0.230	0.233	0.221	0.229	0.221	0.599	0.308	0.118	0.117	0.722	0.692	0.688	0.643	0.664	0.624	0.638	0.673	0.690	0.620	0.118	0.113
4:54:46	37.0	0.672	0.216	0.229	0.234	0.235	0.223	0.233	0.223	0.603	0.318	0.118	0.117	0.726	0.697	0.693	0.650	0.670	0.628	0.642	0.679	0.696	0.626	0.118	0.113
4:59:46	36.9	0.682	0.215	0.231	0.238	0.241	0.224	0.236	0.224	0.609	0.327	0.120	0.117	0.731	0.702	0.698	0.656	0.676	0.634	0.646	0.685	0.701	0.633	0.118	0.113
5:04:46	37.0	0.683	0.214	0.230	0.242	0.243	0.226	0.240	0.227	0.614	0.335	0.119	0.117	0.735	0.708	0.702	0.662	0.681	0.636	0.650	0.690	0.707	0.639	0.118	0.113
5:09:46	37.0	0.689	0.216	0.232	0.247	0.247	0.226	0.244	0.228	0.619	0.340	0.120	0.117	0.738	0.713	0.707	0.668	0.686	0.642	0.653	0.695	0.711	0.646	0.118	0.112
5:14:46	37.0	0.692	0.217	0.233	0.252	0.254	0.229	0.249	0.231	0.624	0.346	0.121	0.117	0.743	0.716	0.714	0.674	0.690	0.646	0.657	0.702	0.717	0.652	0.118	0.112
5:19:46	37.0	0.698	0.219	0.234	0.257	0.257	0.229	0.254	0.233	0.630	0.354	0.121	0.117	0.746	0.721	0.719	0.680	0.697	0.649	0.659	0.707	0.721	0.657	0.118	0.112
5:24:46	37.0	0.703	0.220	0.235	0.262	0.262	0.230	0.259	0.235	0.635	0.361	0.121	0.117	0.750	0.725	0.725	0.686	0.700	0.654	0.664	0.713	0.726	0.664	0.118	0.113
5:29:46	37.0	0.706	0.223	0.235	0.267	0.267	0.233	0.264	0.236	0.637	0.365	0.121	0.117	0.753	0.731	0.727	0.692	0.705	0.657	0.667	0.718	0.730	0.670	0.118	0.112
5:34:46	36.9	0.708	0.224	0.236	0.272	0.274	0.234	0.269	0.239	0.640	0.370	0.119	0.117	0.755	0.735	0.731	0.697	0.710	0.660	0.669	0.722	0.734	0.678	0.118	0.113
5:39:46	37.0	0.711	0.221	0.239	0.279	0.280	0.235	0.272	0.240	0.643	0.373	0.118	0.117	0.759	0.739	0.734	0.702	0.713	0.663	0.673	0.727	0.737	0.683	0.118	0.112
5:44:46	37.0	0.713	0.223	0.239	0.287	0.286	0.237	0.278	0.242	0.646	0.378	0.118	0.117	0.761	0.743	0.737	0.707	0.719	0.666	0.676	0.733	0.743	0.688	0.118	0.112
5:49:46	37.0	0.716	0.227	0.243	0.296	0.294	0.239	0.285	0.244	0.650	0.381	0.117	0.117	0.764	0.746	0.740	0.712	0.721	0.669	0.679	0.736	0.746	0.694	0.118	0.112
5:54:46	37.0	0.719	0.227	0.246	0.306	0.302	0.242	0.294	0.246	0.653	0.386	0.118	0.117	0.766	0.750	0.742	0.717	0.727	0.670	0.681	0.741	0.749	0.699	0.118	0.112
5:59:46	37.0	0.722	0.229	0.248	0.323	0.310	0.242	0.299	0.248	0.658	0.390	0.119	0.117	0.768	0.753	0.746	0.722	0.730	0.673	0.684	0.744	0.754	0.704	0.118	0.112
6:04:46	37.0	0.721	0.226	0.244	0.340	0.319	0.246	0.307	0.251	0.662	0.395	0.119	0.117	0.771	0.758	0.749	0.726	0.732	0.675	0.686	0.749	0.756	0.712	0.117	0.112
6:09:46	37.0	0.727	0.228	0.251	0.357	0.327	0.250	0.315	0.253	0.668	0.400	0.120	0.116	0.772	0.761	0.752	0.731	0.735	0.676	0.689	0.752	0.761	0.715	0.117	0.112
6:14:46	37.0	0.733	0.232	0.255	0.372	0.337	0.255	0.321	0.255	0.671	0.406	0.123	0.117	0.773	0.764	0.754	0.736	0.736	0.677	0.690	0.755	0.761	0.721	0.118	0.112
6:19:46	37.0	0.736	0.233	0.256	0.382	0.344	0.257	0.326	0.259	0.675	0.410	0.121	0.116	0.774	0.767	0.757	0.739	0.739	0.678	0.694	0.758	0.766	0.726	0.117	0.112
6:24:46	37.0	0.746	0.240	0.260	0.389	0.352	0.259	0.330	0.261	0.678	0.416	0.121	0.116	0.775	0.770	0.760	0.742	0.739	0.678	0.695	0.761	0.768	0.730	0.118	0.112
6:29:46	37.0	0.749	0.241	0.287	0.393	0.364	0.262	0.335	0.265	0.683	0.421	0.120	0.116	0.775	0.774	0.762	0.746	0.743	0.679	0.695	0.764	0.770	0.735	0.117	0.112
6:34:46	37.0	0.741	0.242	0.291	0.401	0.376	0.265	0.340	0.267	0.687	0.426	0.118	0.116	0.775	0.776	0.762	0.748	0.746	0.678	0.697	0.766	0.771	0.736	0.117	0.112
6:39:46	37.0	0.744	0.241	0.290	0.409	0.386	0.266	0.346	0.271	0.690	0.432	0.118	0.116	0.776	0.778	0.759	0.752	0.747	0.679	0.701	0.767	0.772	0.742	0.117	0.112
6:44:46	37.0	0.751	0.253	0.293	0.417	0.401	0.269	0.351	0.275	0.694	0.437	0.118	0.116	0.776	0.781	0.760	0.754	0.747	0.679	0.696	0.768	0.771	0.746	0.117	0.112
6:49:46	37.0	0.748	0.246	0.291	0.423	0.409	0.269	0.358	0.280	0.698	0.442	0.118	0.116	0.778	0.783	0.761	0.757	0.748	0.680	0.695	0.768	0.774	0.748	0.117	0.112
6:54:46	37.0	0.750	0.248	0.297	0.430	0.414	0.270	0.363	0.284	0.699	0.445	0.120	0.116	0.778	0.786	0.763	0.758	0.748	0.680	0.699	0.769	0.773	0.751	0.117	0.112
6:59:46	37.0	0.748	0.251	0.304	0.437	0.419	0.273	0.370	0.289	0.702	0.448	0.120	0.116	0.780	0.788	0.762	0.759	0.748	0.679	0.699	0.770	0.772	0.753	0.117	0.112
7:04:46	37.0	0.750	0.260	0.318	0.444	0.425	0.279	0.376	0.294	0.703	0.449	0.121	0.116	0.781	0.790	0.763	0.761	0.748	0.680	0.699	0.771	0.772	0.757	0.118	0.112
7:09:46	37.0	0.751	0.264	0.316	0.448	0.431	0.281	0.383	0.300	0.705	0.452	0.120	0.116	0.781	0.792	0.762	0.762	0.748	0.679	0.700	0.771	0.774	0.758	0.117	0.112
7:14:46	37.0	0.754	0.258	0.316	0.455	0.436	0.279	0.388	0.306	0.706	0.456	0.120	0.116	0.780	0.793	0.762	0.763	0.749	0.679	0.697	0.772	0.771	0.758	0.117	0.112
7:19:46	37.0	0.764	0.269	0.320	0.462	0.441	0.280	0.395	0.313	0.708	0.460	0.118	0.116	0.782	0.795	0.760	0.763	0.747	0.680	0.697	0.773	0.770	0.763	0.117	0.112
7:24:46	37.0	0.765	0.270	0.320	0.467	0.447	0.283	0.401	0.319	0.707	0.466	0.118	0.116	0.782	0.797	0.759	0.764	0.747	0.678	0.697	0.774	0.772	0.761	0.117	0.112
7:29:46	37.0	0.766	0.274	0.322	0.474	0.450	0.281	0.408	0.325	0.708	0.469	0.119	0.116	0.782	0.798	0.759	0.765	0.747	0.679	0.697	0.774	0.771	0.765	0.117	0.112
7:34:46	37.0	0.766	0.274	0.324	0.480	0.456	0.283	0.413	0.331	0.709	0.474	0.118	0.116	0.782	0.798	0.759	0.764	0.747	0.679	0.695	0.775	0.771	0.769	0.117	0.112
7:39:46	37.0	0.765	0.296	0.328	0.486	0.461	0.287	0.418	0.337	0.710	0.479	0.118	0.116	0.783	0.799	0.759	0.764	0.747	0.680	0.695	0.776	0.772	0.769	0.117	0.112
7:44:46	37.0	0.765	0.312	0.331	0.492	0.466	0.289	0.421	0.343	0.710	0.484	0.118	0.116	0.782	0.800	0.759	0.766	0.746	0.679	0.694	0.776	0.772	0.772	0.117	0.112
7:49:46	37.0	0.763	0.293	0.334	0.498	0.472	0.293	0.424	0.350	0.711	0.488	0.118	0.116	0.783	0.801	0.759	0.765	0.748	0.678	0.695	0.777	0.774	0.772	0.117	0.112
7:54:46	37.0	0.763	0.307	0.338	0.504	0.479	0.301	0.426	0.356	0.712	0.492	0.119	0.116	0.782	0.801	0.759	0.765	0.747	0.678	0.693	0.778	0.775	0.775	0.117	0.112
7:59:46	37.0	0.768	0.317	0.343	0.509	0.484	0.304	0.430	0.363	0.712	0.498	0.120	0.116	0.783	0.803	0.759	0.765	0.749	0.678	0.694	0.778	0.775	0.778	0.117	0.112
8:04:46	37.0	0.765	0.327	0.346	0.515	0.491	0.309	0.434	0.370	0.711	0.502	0.122	0.116	0.783	0.803	0.759	0.765	0.748	0.678	0.693	0.778	0.771	0.776	0.117	0.112
8:09:46	37.0	0.760	0.345	0.351	0.521	0.496	0.311	0.440	0.376	0.714	0.508	0.121	0.116	0.783	0.804	0.760	0.765	0.749	0.677	0.693	0.779	0.771	0.776	0.117	0.112
8:14:46	36.9	0.761	0.337	0.358	0.526	0.502	0.313	0.445	0.382	0.713	0.511	0.121	0.115	0.783	0.804	0.761	0.765	0.750	0.676	0.694	0.779	0.773	0.778	0.117	0.112
8:19:46	37.0	0.762	0.344	0.363	0.532	0.507	0.314	0.450	0.388	0.713	0.515	0.121	0.116	0.783	0.805	0.763	0.765	0.750	0.676	0.693	0.780	0.772	0.779	0.118	0.112
8:24:46	37.0	0.762	0.345	0.369	0.539	0.508	0.318	0.457	0.395	0.715	0.520	0.118	0.115	0.783	0.805	0.762	0.766	0.751	0.676	0.694	0.779	0.775	0.777	0.117	0.112
8:29:46	37.0	0.764	0.354	0.375	0.544	0.512	0.323	0.461	0.401	0.714	0.524	0.119	0.115	0.782	0.806	0.763	0.765	0.750	0.676	0.693	0.780	0.774	0.780	0.117	0.112
8:34:46	37.0	0.764	0.376	0.380	0.549	0.515	0.327	0.465	0.408	0.715	0.529	0.118	0.115	0.783	0.806	0.763	0.765	0.751	0.675	0.693	0.781	0.775	0.780	0.117	0.112
8:39:46	37.0	0.766	0.382	0.386	0.554	0.519	0.331	0.470	0.414	0.716	0.533	0.119	0.115	0.782	0.807	0.765	0.765	0.751	0.676	0.693	0.782	0.774	0.779	0.117	0.112
8:44:46	36.9	0.767	0.381	0.389	0.560	0.522	0.336	0.476	0.420	0.716	0.538	0.118	0.115	0.782	0.807	0.766	0.765	0.751	0.675	0.694	0.782	0.774	0.771	0.117	0.112
8:49:46	37.0	0.767	0.386	0.391	0.564	0.528	0.339	0.481	0.427	0.717	0.542	0.119	0.115	0.783	0.807	0.766	0.765	0.753	0.674	0.693	0.781	0.774	0.782	0.118	0.112
8:54:46	37.0	0.767	0.385	0.395	0.568	0.532	0.343	0.488	0.433	0.716	0.546	0.118	0.115	0.782	0.807	0.767	0.765	0.752	0.674	0.693	0.781	0.774	0.783	0.118	0.112
8:59:46	37.0	0.765	0.386	0.399	0.570	0.537	0.347	0.491	0.438	0.717	0.548	0.120	0.115	0.782	0.807	0.767	0.764	0.752	0.674	0.693	0.780	0.775	0.795	0.117	0.112
9:04:46	37.0	0.767	0.391	0.404	0.574	0.542	0.352	0.497	0.445	0.720	0.551	0.119	0.115	0.782	0.808	0.768	0.764	0.754	0.673	0.693	0.780	0.775	0.801	0.117	0.112
9:09:46	37.0	0.765	0.394	0.408	0.576	0.547	0.356	0.501	0.451	0.719	0.555	0.119	0.115	0.782	0.808	0.768	0.764	0.753	0.673	0.693	0.782	0.775	0.795	0.117	0.112
9:14:46	37.0	0.766	0.403	0.414	0.580	0.550	0.361	0.505	0.457	0.718	0.558	0.120	0.115	0.782	0.807	0.767	0.764	0.754	0.672	0.693	0.783	0.776	0.804	0.117	0.112
9:19:46	37.0	0.763	0.408	0.419	0.584	0.555	0.365	0.511	0.463	0.719	0.562	0.117	0.115	0.782	0.808	0.768	0.763	0.754	0.672	0.693	0.783	0.775	0.789	0.117	0.112
9:24:46	37.0	0.759	0.416	0.425	0.588	0.558	0.370	0.514	0.468	0.720	0.566	0.118	0.115	0.782	0.808	0.769	0.764	0.753	0.672	0.692	0.783	0.776	0.801	0.117	0.112
9:29:46	37.0	0.758	0.419	0.428	0.594	0.563	0.373	0.520	0.471	0.719	0.569	0.117	0.115	0.783	0.808	0.769	0.763	0.754	0.672	0.690	0.784	0.776	0.804	0.117	0.112
9:34:46	37.0	0.752	0.426	0.434	0.598	0.568	0.377	0.522	0.474	0.719	0.571	0.117	0.115	0.782	0.808	0.769	0.763	0.754	0.672	0.693	0.784	0.775	0.785	0.117	0.112
9:39:46	37.0	0.749	0.435	0.439	0.603	0.572	0.382	0.527	0.476	0.720	0.575	0.118	0.115	0.782	0.807	0.769	0.764	0.755	0.672	0.691	0.784	0.777	0.797	0.117	0.112
9:44:46	36.9	0.751	0.439	0.444	0.608	0.578	0.386	0.532	0.479	0.721	0.578	0.119	0.115	0.782	0.807	0.771	0.763	0.755	0.672	0.692	0.783	0.777	0.802	0.118	0.112
9:49:46	37.0	0.752	0.448	0.450	0.612	0.581	0.390	0.535	0.483	0.721	0.581	0.118	0.115	0.783	0.807	0.771	0.763	0.755	0.671	0.692	0.784	0.777	0.791	0.117	0.112
9:54:46	37.0	0.748	0.454	0.453	0.616	0.585	0.393	0.540	0.487	0.721	0.583	0.119	0.115	0.782	0.806	0.771	0.763	0.755	0.671	0.692	0.784	0.776	0.794	0.117	0.112
9:59:46	37.0	0.750	0.464	0.458	0.620	0.589	0.397	0.543	0.492	0.720	0.586	0.120	0.115	0.783	0.807	0.771	0.763	0.755	0.670	0.693	0.785	0.777	0.793	0.118	0.112
10:04:46	37.0	0.752	0.469	0.462	0.624	0.593	0.401	0.546	0.497	0.718	0.587	0.120	0.115	0.783	0.805	0.771	0.764	0.756	0.671	0.693	0.785	0.777	0.789	0.117	0.112
10:09:46	37.0	0.751	0.476	0.469	0.629	0.597	0.405	0.551	0.501	0.723	0.589	0.117	0.114	0.783	0.806	0.770	0.763	0.756	0.671	0.693	0.785	0.776	0.789	0.117	0.112
10:14:46	37.0	0.750	0.486	0.474	0.633	0.600	0.408	0.553	0.507	0.719	0.589	0.118	0.115	0.783	0.807	0.771	0.763	0.757	0.670	0.693	0.785	0.780	0.817	0.117	0.111
10:19:46	37.0	0.750	0.490	0.478	0.636	0.604	0.411	0.556	0.512	0.723	0.591	0.117	0.114	0.784	0.807	0.771	0.764	0.756	0.670	0.691	0.785	0.778	0.794	0.117	0.112
10:24:46	37.0	0.752	0.497	0.484	0.640	0.607	0.414	0.558	0.517	0.720	0.590	0.118	0.114	0.784	0.807	0.772	0.764	0.756	0.669	0.692	0.785	0.779	0.809	0.117	0.112
10:29:46	37.0	0.750	0.502	0.486	0.643	0.612	0.419	0.563	0.521	0.724	0.591	0.118	0.114	0.783	0.806	0.771	0.764	0.755	0.669	0.693	0.786	0.779	0.821	0.117	0.111
10:34:46	37.0	0.749	0.511	0.492	0.647	0.613	0.421	0.566	0.526	0.721	0.592	0.119	0.114	0.783	0.805	0.772	0.763	0.755	0.669	0.693	0.786	0.777	0.790	0.117	0.111
10:39:46	37.0	0.751	0.525	0.496	0.650	0.615	0.425	0.569	0.530	0.725	0.593	0.119	0.114	0.783	0.805	0.771	0.763	0.755	0.669	0.692	0.785	0.779	0.822	0.117	0.111
10:44:46	37.0	0.751	0.526	0.504	0.652	0.615	0.429	0.571	0.535	0.722	0.593	0.119	0.114	0.783	0.806	0.773	0.763	0.754	0.667	0.693	0.785	0.778	0.797	0.117	0.112
10:49:46	37.0	0.751	0.530	0.507	0.654	0.617	0.431	0.575	0.540	0.724	0.593	0.120	0.114	0.783	0.805	0.772	0.764	0.756	0.667	0.693	0.785	0.780	0.818	0.118	0.112
10:54:46	37.0	0.751	0.538	0.511	0.656	0.617	0.434	0.579	0.545	0.723	0.595	0.120	0.114	0.782	0.805	0.772	0.763	0.755	0.667	0.691	0.787	0.780	0.817	0.118	0.111
10:59:46	37.0	0.751	0.544	0.515	0.656	0.617	0.438	0.581	0.549	0.722	0.595	0.120	0.114	0.782	0.804	0.772	0.763	0.755	0.667	0.692	0.786	0.779	0.819	0.117	0.112
11:04:46	37.0	0.754	0.547	0.516	0.659	0.620	0.442	0.583	0.552	0.725	0.595	0.117	0.114	0.782	0.806	0.772	0.764	0.756	0.667	0.692	0.786	0.780	0.820	0.117	0.111
11:09:46	37.0	0.753	0.555	0.524	0.659	0.619	0.445	0.586	0.557	0.724	0.595	0.120	0.114	0.782	0.805	0.772	0.763	0.754	0.666	0.692	0.786	0.780	0.827	0.117	0.111
11:14:46	37.0	0.754	0.560	0.528	0.659	0.620	0.447	0.588	0.561	0.725	0.596	0.117	0.114	0.782	0.804	0.772	0.763	0.756	0.666	0.692	0.786	0.779	0.790	0.117	0.111
11:19:46	37.0	0.753	0.565	0.532	0.661	0.622	0.451	0.590	0.565	0.724	0.596	0.118	0.114	0.782	0.804	0.771	0.763	0.755	0.667	0.692	0.787	0.778	0.796	0.117	0.111
11:24:46	37.0	0.753	0.567	0.537	0.662	0.623	0.453	0.592	0.570	0.724	0.595	0.118	0.114	0.782	0.804	0.772	0.763	0.757	0.667	0.693	0.787	0.778	0.794	0.117	0.111
11:29:46	37.0	0.752	0.571	0.540	0.663	0.622	0.456	0.592	0.574	0.725	0.597	0.117	0.114	0.781	0.803	0.772	0.762	0.756	0.666	0.693	0.787	0.780	0.827	0.117	0.111
11:34:46	37.0	0.756	0.578	0.545	0.664	0.623	0.459	0.595	0.577	0.727	0.596	0.117	0.114	0.781	0.804	0.771	0.763	0.756	0.665	0.692	0.788	0.778	0.817	0.117	0.111
11:39:46	37.0	0.755	0.578	0.546	0.664	0.623	0.462	0.594	0.580	0.726	0.597	0.119	0.114	0.782	0.804	0.772	0.762	0.756	0.665	0.694	0.787	0.778	0.823	0.117	0.111
11:44:46	37.0	0.757	0.579	0.551	0.664	0.624	0.465	0.594	0.584	0.727	0.597	0.118	0.114	0.782	0.804	0.772	0.762	0.756	0.665	0.692	0.789	0.778	0.820	0.117	0.111
11:49:46	37.0	0.757	0.584	0.553	0.665	0.625	0.467	0.594	0.587	0.727	0.597	0.120	0.114	0.782	0.803	0.773	0.762	0.756	0.665	0.692	0.788	0.778	0.823	0.117	0.111
11:54:46	37.0	0.755	0.588	0.560	0.666	0.626	0.469	0.596	0.590	0.728	0.597	0.119	0.114	0.782	0.804	0.772	0.762	0.756	0.664	0.693	0.789	0.777	0.827	0.117	0.111
11:59:46	37.0	0.743	0.591	0.563	0.666	0.625	0.470	0.594	0.595	0.726	0.598	0.119	0.114	0.782	0.804	0.771	0.762	0.757	0.665	0.692	0.789	0.777	0.809	0.117	0.111
12:04:46	37.0	0.747	0.590	0.564	0.665	0.627	0.473	0.596	0.598	0.728	0.598	0.119	0.114	0.782	0.804	0.771	0.761	0.757	0.664	0.692	0.788	0.777	0.825	0.117	0.111

estimated_OD600

Time	A1	A2	A3	A4	A5	A6	B1	B2	B3	B4	B5	B6	C1	C2	C3	C4	C5	C6	D1	D2	D3	D4	D5	D6
0:04:46	0.078	0.078	0.074	0.070	0.070	0.060	0.060	0.064	0.063	0.063	0.016	0.022	0.081	0.080	0.074	0.075	0.071	0.069	0.070	0.057	0.071	0.066	0.018	0.014
0:09:46	0.082	0.078	0.079	0.070	0.071	0.063	0.062	0.067	0.066	0.067	0.016	0.022	0.085	0.083	0.075	0.077	0.073	0.072	0.073	0.060	0.074	0.068	0.019	0.014
0:14:46	0.089	0.080	0.080	0.071	0.073	0.067	0.064	0.069	0.069	0.069	0.017	0.022	0.089	0.086	0.078	0.080	0.077	0.076	0.074	0.063	0.077	0.071	0.019	0.014
0:19:46	0.093	0.080	0.083	0.073	0.076	0.070	0.066	0.071	0.072	0.072	0.018	0.022	0.093	0.089	0.081	0.083	0.080	0.079	0.077	0.067	0.080	0.074	0.019	0.014
0:24:46	0.096	0.083	0.085	0.075	0.077	0.073	0.068	0.074	0.073	0.074	0.019	0.022	0.097	0.093	0.083	0.086	0.084	0.083	0.079	0.069	0.081	0.078	0.019	0.014
0:29:46	0.101	0.083	0.088	0.078	0.078	0.076	0.070	0.076	0.076	0.078	0.020	0.021	0.102	0.097	0.087	0.090	0.087	0.088	0.083	0.073	0.082	0.081	0.020	0.014
0:34:46	0.105	0.085	0.093	0.078	0.080	0.079	0.073	0.079	0.081	0.081	0.021	0.021	0.108	0.104	0.091	0.095	0.092	0.093	0.086	0.078	0.086	0.086	0.019	0.014
0:39:46	0.112	0.086	0.098	0.081	0.081	0.084	0.076	0.081	0.083	0.084	0.022	0.021	0.115	0.110	0.096	0.100	0.096	0.098	0.090	0.083	0.091	0.091	0.020	0.014
0:44:46	0.118	0.088	0.103	0.083	0.084	0.087	0.079	0.083	0.087	0.088	0.022	0.021	0.123	0.118	0.102	0.105	0.102	0.104	0.092	0.090	0.096	0.096	0.020	0.014
0:49:46	0.122	0.090	0.109	0.085	0.086	0.090	0.082	0.086	0.091	0.092	0.022	0.021	0.131	0.127	0.108	0.111	0.108	0.109	0.095	0.096	0.103	0.102	0.020	0.014
0:54:46	0.126	0.091	0.113	0.090	0.088	0.092	0.085	0.089	0.094	0.095	0.022	0.021	0.139	0.135	0.116	0.117	0.115	0.114	0.096	0.103	0.112	0.108	0.020	0.014
0:59:46	0.129	0.094	0.118	0.090	0.088	0.095	0.087	0.091	0.100	0.097	0.021	0.021	0.145	0.142	0.122	0.124	0.123	0.119	0.101	0.111	0.122	0.115	0.020	0.014
1:04:46	0.136	0.095	0.117	0.093	0.090	0.096	0.089	0.093	0.107	0.099	0.020	0.021	0.153	0.146	0.129	0.131	0.130	0.125	0.111	0.117	0.131	0.122	0.020	0.014
1:09:46	0.145	0.098	0.121	0.095	0.091	0.098	0.090	0.095	0.117	0.101	0.021	0.020	0.157	0.153	0.136	0.139	0.138	0.131	0.123	0.123	0.138	0.130	0.020	0.014
1:14:46	0.150	0.099	0.122	0.097	0.092	0.101	0.092	0.096	0.125	0.102	0.021	0.020	0.163	0.160	0.139	0.147	0.145	0.138	0.128	0.129	0.146	0.139	0.020	0.014
1:19:46	0.159	0.100	0.121	0.099	0.094	0.102	0.092	0.098	0.131	0.103	0.021	0.020	0.168	0.168	0.144	0.158	0.153	0.145	0.135	0.133	0.155	0.148	0.020	0.014
1:24:46	0.165	0.102	0.124	0.101	0.095	0.103	0.093	0.099	0.136	0.104	0.021	0.020	0.178	0.173	0.151	0.160	0.160	0.153	0.142	0.138	0.166	0.156	0.020	0.014
1:29:46	0.179	0.103	0.125	0.104	0.096	0.104	0.094	0.100	0.140	0.104	0.022	0.020	0.188	0.178	0.163	0.165	0.168	0.162	0.151	0.142	0.176	0.165	0.020	0.014
1:34:46	0.188	0.107	0.125	0.107	0.097	0.105	0.094	0.102	0.146	0.105	0.022	0.020	0.201	0.185	0.176	0.172	0.177	0.171	0.160	0.151	0.188	0.172	0.020	0.013
1:39:46	0.196	0.105	0.122	0.110	0.098	0.107	0.094	0.103	0.155	0.107	0.021	0.020	0.215	0.192	0.188	0.186	0.187	0.182	0.171	0.162	0.201	0.181	0.020	0.013
1:44:46	0.213	0.105	0.122	0.111	0.099	0.107	0.095	0.105	0.164	0.107	0.021	0.020	0.230	0.204	0.202	0.187	0.198	0.193	0.182	0.179	0.215	0.190	0.020	0.013
1:49:46	0.226	0.118	0.121	0.111	0.099	0.109	0.095	0.106	0.173	0.109	0.020	0.020	0.246	0.216	0.213	0.197	0.208	0.206	0.192	0.198	0.230	0.199	0.020	0.013
1:54:46	0.237	0.105	0.122	0.109	0.101	0.110	0.095	0.108	0.183	0.111	0.020	0.020	0.266	0.229	0.225	0.211	0.220	0.218	0.204	0.209	0.246	0.209	0.020	0.013
1:59:46	0.251	0.106	0.123	0.110	0.101	0.111	0.096	0.109	0.194	0.113	0.019	0.020	0.286	0.244	0.236	0.225	0.233	0.232	0.218	0.217	0.262	0.220	0.020	0.013
2:04:46	0.272	0.107	0.124	0.107	0.102	0.112	0.097	0.111	0.205	0.114	0.019	0.020	0.308	0.259	0.244	0.239	0.247	0.247	0.233	0.225	0.281	0.233	0.019	0.013
2:09:46	0.289	0.107	0.124	0.107	0.103	0.113	0.098	0.111	0.217	0.115	0.020	0.020	0.332	0.273	0.253	0.255	0.260	0.263	0.250	0.238	0.301	0.243	0.020	0.013
2:14:46	0.316	0.106	0.125	0.108	0.104	0.113	0.099	0.113	0.230	0.118	0.020	0.019	0.358	0.291	0.265	0.274	0.276	0.279	0.265	0.252	0.333	0.254	0.020	0.013
2:19:46	0.333	0.106	0.126	0.109	0.105	0.116	0.100	0.113	0.249	0.119	0.021	0.019	0.384	0.307	0.280	0.289	0.292	0.297	0.279	0.272	0.344	0.265	0.020	0.013
2:24:46	0.350	0.107	0.127	0.111	0.106	0.117	0.100	0.112	0.267	0.121	0.022	0.019	0.405	0.326	0.299	0.304	0.311	0.316	0.296	0.290	0.365	0.278	0.019	0.013
2:29:46	0.383	0.107	0.127	0.112	0.107	0.118	0.101	0.111	0.273	0.122	0.022	0.019	0.432	0.345	0.312	0.316	0.328	0.330	0.314	0.310	0.388	0.290	0.019	0.013
2:34:46	0.399	0.107	0.130	0.113	0.110	0.119	0.103	0.114	0.289	0.124	0.022	0.019	0.455	0.364	0.330	0.332	0.345	0.347	0.335	0.329	0.409	0.302	0.019	0.013
2:39:46	0.430	0.107	0.129	0.111	0.109	0.120	0.103	0.109	0.305	0.125	0.021	0.019	0.477	0.382	0.349	0.351	0.365	0.364	0.353	0.347	0.431	0.314	0.019	0.013
2:44:46	0.457	0.109	0.129	0.112	0.110	0.121	0.104	0.109	0.322	0.127	0.021	0.019	0.500	0.402	0.370	0.371	0.385	0.381	0.375	0.369	0.454	0.326	0.019	0.013
2:49:46	0.460	0.110	0.130	0.113	0.111	0.122	0.105	0.110	0.339	0.129	0.019	0.019	0.523	0.423	0.391	0.389	0.406	0.399	0.397	0.391	0.477	0.337	0.019	0.013
2:54:46	0.483	0.110	0.130	0.114	0.112	0.124	0.104	0.112	0.358	0.130	0.019	0.019	0.546	0.445	0.413	0.408	0.427	0.418	0.417	0.414	0.497	0.352	0.019	0.013
2:59:46	0.558	0.112	0.130	0.115	0.112	0.125	0.104	0.114	0.374	0.133	0.019	0.019	0.568	0.468	0.437	0.424	0.448	0.436	0.440	0.436	0.518	0.364	0.019	0.013
3:04:46	0.598	0.113	0.132	0.118	0.113	0.126	0.102	0.114	0.392	0.135	0.019	0.019	0.590	0.490	0.459	0.438	0.469	0.454	0.463	0.459	0.538	0.378	0.019	0.013
3:09:46	0.609	0.113	0.130	0.120	0.114	0.127	0.101	0.115	0.407	0.137	0.019	0.019	0.610	0.511	0.480	0.451	0.490	0.474	0.482	0.483	0.557	0.390	0.019	0.013
3:14:46	0.625	0.114	0.130	0.119	0.115	0.127	0.099	0.111	0.424	0.139	0.020	0.019	0.631	0.534	0.501	0.467	0.512	0.492	0.501	0.505	0.576	0.402	0.019	0.013
3:19:46	0.639	0.114	0.133	0.120	0.116	0.128	0.099	0.109	0.440	0.141	0.021	0.019	0.653	0.557	0.519	0.483	0.530	0.512	0.522	0.527	0.595	0.416	0.019	0.013
3:24:46	0.654	0.112	0.134	0.121	0.117	0.129	0.100	0.109	0.454	0.144	0.021	0.019	0.672	0.578	0.540	0.499	0.549	0.530	0.540	0.548	0.612	0.430	0.019	0.012
3:29:46	0.668	0.113	0.134	0.122	0.119	0.128	0.101	0.108	0.469	0.146	0.021	0.019	0.691	0.598	0.561	0.515	0.569	0.542	0.557	0.565	0.628	0.443	0.019	0.013
3:34:46	0.665	0.116	0.136	0.123	0.119	0.130	0.102	0.109	0.483	0.148	0.021	0.018	0.708	0.618	0.580	0.531	0.587	0.556	0.572	0.586	0.646	0.456	0.019	0.013
3:39:46	0.676	0.113	0.136	0.124	0.122	0.130	0.104	0.109	0.498	0.151	0.020	0.018	0.725	0.637	0.602	0.548	0.605	0.565	0.587	0.602	0.661	0.470	0.019	0.012
3:44:46	0.692	0.117	0.138	0.125	0.122	0.130	0.107	0.111	0.512	0.153	0.020	0.018	0.740	0.657	0.622	0.565	0.620	0.575	0.603	0.621	0.677	0.484	0.019	0.012
3:49:46	0.693	0.118	0.137	0.126	0.125	0.130	0.108	0.111	0.526	0.156	0.018	0.018	0.755	0.675	0.642	0.581	0.638	0.588	0.616	0.640	0.691	0.497	0.019	0.012
3:54:46	0.716	0.117	0.139	0.127	0.126	0.130	0.111	0.113	0.539	0.160	0.019	0.018	0.769	0.692	0.663	0.596	0.653	0.601	0.630	0.657	0.706	0.512	0.019	0.012
3:59:46	0.710	0.119	0.137	0.129	0.127	0.129	0.114	0.115	0.551	0.164	0.018	0.018	0.783	0.709	0.684	0.614	0.668	0.612	0.641	0.673	0.719	0.525	0.019	0.012
4:04:46	0.715	0.121	0.139	0.130	0.129	0.129	0.116	0.116	0.566	0.169	0.019	0.018	0.795	0.725	0.700	0.629	0.682	0.625	0.654	0.688	0.732	0.540	0.019	0.012
4:09:46	0.719	0.118	0.141	0.133	0.129	0.132	0.120	0.119	0.580	0.174	0.019	0.018	0.807	0.739	0.721	0.645	0.696	0.636	0.667	0.704	0.744	0.556	0.019	0.012
4:14:46	0.728	0.124	0.140	0.135	0.133	0.131	0.123	0.120	0.593	0.179	0.019	0.018	0.817	0.751	0.734	0.660	0.709	0.647	0.677	0.718	0.757	0.574	0.019	0.012
4:19:46	0.741	0.126	0.140	0.138	0.135	0.131	0.126	0.122	0.606	0.187	0.021	0.018	0.829	0.766	0.751	0.675	0.720	0.659	0.690	0.730	0.768	0.593	0.019	0.012
4:24:46	0.745	0.126	0.140	0.140	0.137	0.132	0.129	0.126	0.619	0.196	0.020	0.018	0.840	0.778	0.765	0.689	0.732	0.668	0.699	0.744	0.780	0.617	0.019	0.012
4:29:46	0.755	0.123	0.144	0.143	0.141	0.134	0.132	0.129	0.631	0.204	0.020	0.018	0.849	0.789	0.776	0.702	0.745	0.679	0.708	0.756	0.793	0.642	0.019	0.012
4:34:46	0.762	0.126	0.144	0.143	0.143	0.136	0.137	0.130	0.643	0.213	0.019	0.018	0.858	0.799	0.793	0.714	0.753	0.691	0.715	0.767	0.800	0.668	0.018	0.012
4:39:46	0.777	0.123	0.144	0.144	0.145	0.136	0.139	0.132	0.654	0.224	0.019	0.017	0.868	0.811	0.801	0.728	0.766	0.700	0.725	0.778	0.810	0.687	0.018	0.012
4:44:46	0.783	0.129	0.147	0.148	0.148	0.138	0.144	0.136	0.667	0.236	0.019	0.017	0.876	0.822	0.812	0.737	0.775	0.710	0.732	0.789	0.820	0.704	0.018	0.012
4:49:46	0.795	0.126	0.149	0.149	0.153	0.138	0.148	0.138	0.677	0.248	0.019	0.018	0.884	0.832	0.825	0.750	0.785	0.717	0.741	0.800	0.829	0.710	0.018	0.012
4:54:46	0.798	0.132	0.148	0.154	0.156	0.140	0.152	0.140	0.683	0.262	0.018	0.017	0.892	0.841	0.834	0.760	0.795	0.724	0.747	0.810	0.839	0.721	0.018	0.012
4:59:46	0.815	0.131	0.150	0.159	0.163	0.142	0.157	0.142	0.692	0.273	0.020	0.018	0.900	0.851	0.843	0.772	0.806	0.734	0.754	0.821	0.849	0.733	0.019	0.012
5:04:46	0.817	0.130	0.150	0.164	0.166	0.144	0.162	0.145	0.700	0.284	0.019	0.017	0.907	0.861	0.850	0.782	0.813	0.738	0.761	0.829	0.858	0.743	0.018	0.012
5:09:46	0.828	0.132	0.152	0.170	0.171	0.144	0.167	0.147	0.709	0.292	0.020	0.017	0.914	0.868	0.859	0.791	0.822	0.748	0.767	0.838	0.866	0.754	0.018	0.012
5:14:46	0.833	0.133	0.153	0.177	0.179	0.148	0.173	0.150	0.718	0.300	0.022	0.017	0.921	0.875	0.871	0.802	0.829	0.754	0.773	0.849	0.875	0.765	0.018	0.012
5:19:46	0.842	0.136	0.154	0.183	0.183	0.147	0.180	0.152	0.728	0.310	0.022	0.017	0.928	0.883	0.880	0.811	0.841	0.759	0.777	0.858	0.883	0.774	0.018	0.012
5:24:46	0.851	0.137	0.156	0.189	0.189	0.150	0.186	0.155	0.736	0.320	0.021	0.017	0.935	0.891	0.890	0.821	0.847	0.768	0.785	0.868	0.892	0.785	0.018	0.012
5:29:46	0.857	0.141	0.156	0.195	0.195	0.153	0.192	0.157	0.740	0.326	0.021	0.017	0.940	0.900	0.894	0.832	0.855	0.773	0.790	0.877	0.898	0.795	0.018	0.012
5:34:46	0.860	0.142	0.157	0.202	0.204	0.154	0.197	0.160	0.744	0.332	0.019	0.017	0.944	0.908	0.901	0.841	0.863	0.778	0.794	0.885	0.907	0.808	0.018	0.012
5:39:46	0.865	0.138	0.161	0.211	0.212	0.155	0.202	0.162	0.749	0.337	0.019	0.017	0.951	0.914	0.906	0.850	0.869	0.783	0.800	0.894	0.912	0.817	0.018	0.012
5:44:46	0.869	0.140	0.161	0.221	0.220	0.158	0.209	0.164	0.755	0.343	0.019	0.017	0.955	0.922	0.912	0.859	0.879	0.788	0.805	0.904	0.921	0.826	0.018	0.012
5:49:46	0.874	0.146	0.166	0.233	0.230	0.161	0.219	0.166	0.761	0.347	0.018	0.017	0.960	0.928	0.916	0.868	0.884	0.792	0.811	0.910	0.928	0.837	0.018	0.012
5:54:46	0.880	0.146	0.169	0.246	0.241	0.164	0.230	0.169	0.766	0.354	0.018	0.017	0.964	0.935	0.921	0.876	0.894	0.795	0.814	0.918	0.933	0.845	0.018	0.012
5:59:46	0.884	0.147	0.171	0.268	0.252	0.165	0.237	0.171	0.774	0.360	0.019	0.017	0.967	0.940	0.928	0.885	0.898	0.799	0.819	0.924	0.941	0.853	0.018	0.012
6:04:46	0.883	0.145	0.167	0.292	0.263	0.169	0.248	0.175	0.782	0.367	0.020	0.017	0.972	0.948	0.933	0.892	0.902	0.804	0.823	0.932	0.946	0.867	0.017	0.012
6:09:46	0.894	0.147	0.175	0.315	0.274	0.174	0.257	0.178	0.791	0.374	0.020	0.016	0.974	0.954	0.939	0.900	0.908	0.805	0.827	0.938	0.954	0.873	0.018	0.012
6:14:46	0.905	0.152	0.180	0.334	0.287	0.180	0.266	0.181	0.797	0.382	0.024	0.017	0.976	0.960	0.942	0.909	0.910	0.807	0.829	0.944	0.955	0.883	0.018	0.012
6:19:46	0.910	0.153	0.181	0.349	0.296	0.183	0.272	0.185	0.804	0.388	0.021	0.016	0.978	0.966	0.947	0.915	0.914	0.808	0.836	0.950	0.963	0.892	0.017	0.012
6:24:46	0.927	0.162	0.187	0.359	0.307	0.186	0.278	0.188	0.809	0.397	0.021	0.016	0.979	0.970	0.953	0.921	0.915	0.808	0.837	0.955	0.967	0.900	0.018	0.012
6:29:46	0.932	0.163	0.221	0.364	0.324	0.189	0.285	0.193	0.817	0.404	0.020	0.016	0.979	0.977	0.956	0.927	0.922	0.810	0.838	0.959	0.971	0.909	0.018	0.012
6:34:46	0.919	0.164	0.227	0.375	0.340	0.193	0.291	0.196	0.823	0.412	0.019	0.016	0.981	0.982	0.956	0.931	0.927	0.809	0.842	0.963	0.972	0.909	0.018	0.012
6:39:46	0.924	0.163	0.225	0.386	0.355	0.195	0.299	0.200	0.829	0.420	0.018	0.016	0.982	0.986	0.952	0.937	0.929	0.810	0.847	0.965	0.974	0.920	0.018	0.012
6:44:46	0.936	0.178	0.228	0.398	0.375	0.197	0.306	0.206	0.837	0.427	0.018	0.016	0.982	0.991	0.952	0.942	0.929	0.810	0.839	0.968	0.972	0.928	0.017	0.012
6:49:46	0.930	0.169	0.226	0.407	0.387	0.198	0.315	0.212	0.842	0.434	0.019	0.016	0.986	0.995	0.954	0.947	0.930	0.811	0.838	0.968	0.978	0.931	0.017	0.012
6:54:46	0.934	0.172	0.234	0.416	0.394	0.199	0.323	0.217	0.844	0.438	0.020	0.016	0.986	0.999	0.958	0.950	0.931	0.812	0.845	0.968	0.976	0.937	0.017	0.012
6:59:46	0.931	0.175	0.244	0.427	0.401	0.203	0.332	0.224	0.849	0.442	0.020	0.016	0.988	1.004	0.956	0.951	0.930	0.810	0.845	0.971	0.974	0.940	0.017	0.012
7:04:46	0.934	0.186	0.261	0.437	0.410	0.211	0.340	0.231	0.852	0.444	0.021	0.016	0.990	1.007	0.957	0.955	0.931	0.812	0.844	0.972	0.975	0.948	0.018	0.012
7:09:46	0.936	0.192	0.260	0.443	0.418	0.214	0.350	0.238	0.854	0.449	0.020	0.016	0.990	1.011	0.956	0.957	0.931	0.810	0.846	0.973	0.977	0.949	0.018	0.012
7:14:46	0.942	0.184	0.259	0.453	0.426	0.211	0.357	0.246	0.856	0.455	0.020	0.016	0.989	1.013	0.956	0.958	0.933	0.811	0.841	0.974	0.972	0.948	0.018	0.011
7:19:46	0.959	0.197	0.264	0.464	0.433	0.212	0.367	0.255	0.860	0.461	0.019	0.016	0.992	1.016	0.953	0.958	0.930	0.811	0.840	0.976	0.971	0.957	0.018	0.011
7:24:46	0.962	0.199	0.264	0.471	0.442	0.216	0.375	0.262	0.858	0.470	0.019	0.016	0.992	1.020	0.951	0.960	0.930	0.809	0.842	0.977	0.975	0.955	0.018	0.012
7:29:46	0.964	0.205	0.267	0.481	0.447	0.213	0.385	0.271	0.860	0.474	0.019	0.016	0.992	1.022	0.951	0.961	0.929	0.811	0.841	0.979	0.973	0.962	0.018	0.012
7:34:46	0.963	0.205	0.270	0.490	0.455	0.217	0.393	0.278	0.863	0.482	0.019	0.016	0.992	1.021	0.951	0.960	0.929	0.811	0.838	0.979	0.972	0.968	0.017	0.011
7:39:46	0.962	0.233	0.274	0.499	0.462	0.221	0.400	0.287	0.864	0.489	0.018	0.016	0.994	1.023	0.951	0.961	0.930	0.812	0.837	0.981	0.973	0.969	0.017	0.012
7:44:46	0.961	0.253	0.279	0.509	0.470	0.224	0.404	0.295	0.864	0.496	0.018	0.016	0.993	1.025	0.950	0.963	0.928	0.810	0.837	0.982	0.974	0.973	0.017	0.011
7:49:46	0.958	0.229	0.283	0.517	0.479	0.230	0.408	0.305	0.865	0.503	0.018	0.016	0.994	1.027	0.951	0.962	0.930	0.809	0.837	0.984	0.978	0.974	0.017	0.011
7:54:46	0.958	0.248	0.289	0.526	0.489	0.240	0.411	0.313	0.868	0.509	0.019	0.015	0.992	1.028	0.950	0.962	0.929	0.809	0.835	0.986	0.979	0.980	0.017	0.012
7:59:46	0.967	0.260	0.296	0.535	0.497	0.244	0.417	0.322	0.867	0.517	0.020	0.015	0.994	1.031	0.951	0.962	0.932	0.808	0.835	0.985	0.979	0.985	0.017	0.011
8:04:46	0.961	0.273	0.299	0.544	0.507	0.250	0.423	0.332	0.866	0.524	0.022	0.015	0.995	1.031	0.951	0.961	0.932	0.808	0.834	0.986	0.973	0.982	0.017	0.012
8:09:46	0.952	0.298	0.307	0.553	0.515	0.252	0.431	0.341	0.870	0.533	0.021	0.016	0.994	1.032	0.953	0.961	0.933	0.806	0.834	0.987	0.973	0.982	0.018	0.012
8:14:46	0.954	0.287	0.315	0.561	0.524	0.255	0.438	0.348	0.870	0.537	0.021	0.015	0.993	1.033	0.954	0.962	0.934	0.805	0.836	0.988	0.976	0.985	0.017	0.011
8:19:46	0.955	0.296	0.322	0.570	0.531	0.257	0.446	0.357	0.869	0.544	0.021	0.015	0.993	1.034	0.957	0.961	0.934	0.806	0.834	0.988	0.974	0.988	0.018	0.011
8:24:46	0.957	0.298	0.331	0.580	0.534	0.262	0.456	0.367	0.872	0.552	0.019	0.015	0.993	1.035	0.957	0.963	0.936	0.805	0.836	0.987	0.979	0.983	0.017	0.011
8:29:46	0.960	0.310	0.339	0.588	0.539	0.268	0.462	0.375	0.871	0.557	0.019	0.015	0.993	1.036	0.958	0.961	0.935	0.805	0.835	0.989	0.978	0.988	0.017	0.011
8:34:46	0.960	0.341	0.346	0.597	0.544	0.274	0.468	0.385	0.873	0.565	0.018	0.015	0.993	1.037	0.959	0.962	0.936	0.803	0.835	0.991	0.979	0.988	0.017	0.011
8:39:46	0.964	0.348	0.354	0.605	0.549	0.279	0.476	0.394	0.874	0.572	0.019	0.015	0.993	1.038	0.962	0.962	0.937	0.804	0.835	0.992	0.979	0.986	0.017	0.011
8:44:46	0.966	0.348	0.358	0.614	0.555	0.285	0.484	0.403	0.875	0.579	0.018	0.015	0.993	1.039	0.963	0.961	0.937	0.803	0.836	0.992	0.977	0.973	0.018	0.011
8:49:46	0.965	0.354	0.362	0.621	0.563	0.290	0.493	0.413	0.876	0.585	0.019	0.015	0.993	1.038	0.964	0.961	0.940	0.802	0.834	0.991	0.978	0.992	0.018	0.011
8:54:46	0.966	0.352	0.367	0.627	0.570	0.295	0.502	0.421	0.875	0.592	0.018	0.015	0.993	1.039	0.964	0.961	0.938	0.801	0.835	0.991	0.979	0.993	0.018	0.011
8:59:46	0.962	0.355	0.372	0.630	0.578	0.301	0.507	0.429	0.876	0.595	0.020	0.015	0.993	1.038	0.966	0.960	0.939	0.802	0.834	0.990	0.979	1.016	0.018	0.011
9:04:46	0.966	0.362	0.380	0.635	0.585	0.308	0.516	0.438	0.882	0.600	0.020	0.015	0.992	1.039	0.967	0.960	0.942	0.800	0.833	0.989	0.979	1.028	0.017	0.011
9:09:46	0.961	0.366	0.386	0.639	0.593	0.314	0.522	0.447	0.880	0.606	0.019	0.015	0.992	1.040	0.967	0.960	0.939	0.800	0.834	0.993	0.979	1.016	0.017	0.011
9:14:46	0.963	0.378	0.395	0.646	0.598	0.319	0.528	0.456	0.877	0.611	0.020	0.015	0.993	1.039	0.964	0.959	0.941	0.798	0.834	0.995	0.981	1.033	0.018	0.011
9:19:46	0.958	0.385	0.401	0.652	0.605	0.325	0.537	0.466	0.880	0.616	0.017	0.015	0.993	1.040	0.967	0.959	0.942	0.798	0.834	0.994	0.979	1.006	0.017	0.011
9:24:46	0.951	0.396	0.409	0.659	0.611	0.332	0.543	0.473	0.882	0.623	0.018	0.015	0.993	1.040	0.968	0.959	0.940	0.799	0.832	0.995	0.982	1.027	0.017	0.011
9:29:46	0.948	0.401	0.415	0.668	0.619	0.336	0.551	0.478	0.880	0.628	0.017	0.015	0.994	1.040	0.969	0.958	0.942	0.798	0.830	0.996	0.982	1.033	0.018	0.011
9:34:46	0.938	0.411	0.423	0.674	0.627	0.342	0.555	0.481	0.880	0.632	0.018	0.015	0.993	1.040	0.968	0.958	0.942	0.798	0.834	0.996	0.980	0.998	0.017	0.011
9:39:46	0.932	0.424	0.430	0.683	0.634	0.348	0.563	0.485	0.882	0.638	0.019	0.014	0.993	1.038	0.969	0.959	0.944	0.798	0.831	0.996	0.983	1.021	0.017	0.011
9:44:46	0.936	0.431	0.437	0.691	0.642	0.354	0.570	0.489	0.882	0.643	0.020	0.015	0.993	1.039	0.972	0.959	0.943	0.798	0.832	0.994	0.984	1.029	0.018	0.011
9:49:46	0.939	0.443	0.445	0.697	0.647	0.360	0.574	0.495	0.882	0.647	0.018	0.014	0.994	1.038	0.972	0.958	0.944	0.797	0.832	0.996	0.983	1.008	0.017	0.011
9:54:46	0.930	0.452	0.451	0.705	0.655	0.364	0.583	0.502	0.883	0.650	0.019	0.014	0.993	1.036	0.973	0.958	0.944	0.797	0.832	0.997	0.981	1.015	0.017	0.011
9:59:46	0.934	0.466	0.458	0.711	0.661	0.370	0.587	0.509	0.881	0.655	0.020	0.014	0.995	1.038	0.972	0.958	0.944	0.794	0.835	0.997	0.983	1.013	0.018	0.011
10:04:46	0.938	0.475	0.464	0.718	0.666	0.375	0.591	0.516	0.879	0.657	0.020	0.014	0.994	1.035	0.972	0.959	0.945	0.797	0.834	0.999	0.983	1.004	0.017	0.011
10:09:46	0.937	0.485	0.474	0.726	0.673	0.381	0.599	0.523	0.887	0.660	0.017	0.014	0.994	1.037	0.971	0.958	0.946	0.796	0.834	0.998	0.982	1.005	0.017	0.011
10:14:46	0.935	0.500	0.482	0.733	0.679	0.385	0.602	0.531	0.880	0.660	0.018	0.014	0.994	1.038	0.972	0.959	0.946	0.795	0.834	0.998	0.989	1.057	0.018	0.011
10:19:46	0.935	0.506	0.488	0.738	0.685	0.390	0.607	0.539	0.887	0.663	0.018	0.014	0.996	1.038	0.973	0.960	0.945	0.794	0.831	0.998	0.985	1.014	0.017	0.011
10:24:46	0.938	0.517	0.497	0.744	0.690	0.394	0.611	0.546	0.882	0.662	0.018	0.014	0.996	1.038	0.974	0.959	0.946	0.793	0.833	0.997	0.987	1.042	0.017	0.011
10:29:46	0.934	0.524	0.499	0.750	0.698	0.401	0.619	0.552	0.888	0.663	0.018	0.014	0.994	1.036	0.972	0.960	0.943	0.794	0.833	0.999	0.986	1.065	0.017	0.011
10:34:46	0.933	0.537	0.508	0.756	0.699	0.404	0.623	0.561	0.883	0.665	0.019	0.014	0.994	1.035	0.975	0.958	0.944	0.794	0.834	0.999	0.984	1.007	0.017	0.011
10:39:46	0.937	0.559	0.515	0.761	0.703	0.410	0.629	0.568	0.889	0.667	0.019	0.014	0.994	1.035	0.973	0.959	0.943	0.793	0.833	0.998	0.987	1.066	0.018	0.011
10:44:46	0.937	0.561	0.527	0.764	0.703	0.415	0.631	0.575	0.885	0.667	0.019	0.014	0.993	1.036	0.975	0.959	0.942	0.790	0.834	0.999	0.985	1.020	0.017	0.011
10:49:46	0.936	0.566	0.531	0.767	0.706	0.418	0.638	0.583	0.889	0.667	0.020	0.014	0.995	1.036	0.973	0.959	0.945	0.789	0.833	0.999	0.988	1.059	0.018	0.011
10:54:46	0.937	0.580	0.538	0.771	0.707	0.423	0.643	0.590	0.887	0.669	0.021	0.014	0.993	1.034	0.974	0.959	0.944	0.790	0.831	1.002	0.988	1.057	0.018	0.011
10:59:46	0.936	0.589	0.544	0.771	0.707	0.428	0.647	0.597	0.885	0.670	0.020	0.014	0.992	1.033	0.974	0.958	0.944	0.789	0.833	1.000	0.987	1.060	0.018	0.011
11:04:46	0.941	0.593	0.546	0.776	0.711	0.434	0.650	0.602	0.889	0.670	0.018	0.014	0.993	1.036	0.974	0.959	0.945	0.790	0.833	1.000	0.988	1.062	0.017	0.011
11:09:46	0.939	0.607	0.557	0.776	0.710	0.439	0.656	0.610	0.888	0.670	0.020	0.014	0.992	1.034	0.973	0.958	0.942	0.788	0.833	1.000	0.989	1.075	0.018	0.011
11:14:46	0.941	0.613	0.564	0.777	0.711	0.441	0.659	0.615	0.891	0.671	0.017	0.014	0.992	1.032	0.975	0.958	0.945	0.789	0.832	1.001	0.987	1.008	0.018	0.011
11:19:46	0.941	0.621	0.570	0.779	0.714	0.448	0.662	0.622	0.889	0.672	0.018	0.014	0.993	1.032	0.973	0.957	0.944	0.789	0.832	1.002	0.985	1.017	0.017	0.011
11:24:46	0.940	0.625	0.578	0.781	0.715	0.451	0.666	0.629	0.889	0.670	0.018	0.014	0.993	1.034	0.975	0.958	0.947	0.789	0.834	1.002	0.985	1.014	0.018	0.011
11:29:46	0.939	0.632	0.582	0.783	0.714	0.455	0.666	0.636	0.890	0.673	0.017	0.013	0.991	1.031	0.974	0.956	0.945	0.789	0.834	1.002	0.988	1.076	0.017	0.011
11:34:46	0.945	0.642	0.590	0.784	0.716	0.459	0.669	0.641	0.894	0.672	0.018	0.013	0.991	1.033	0.973	0.957	0.945	0.787	0.832	1.003	0.985	1.056	0.017	0.011
11:39:46	0.944	0.643	0.591	0.785	0.717	0.464	0.668	0.646	0.893	0.673	0.019	0.014	0.993	1.033	0.974	0.957	0.946	0.787	0.836	1.002	0.986	1.068	0.017	0.011
11:44:46	0.948	0.644	0.599	0.785	0.718	0.468	0.669	0.652	0.893	0.673	0.019	0.014	0.992	1.033	0.974	0.956	0.945	0.787	0.833	1.005	0.985	1.063	0.017	0.011
11:49:46	0.947	0.652	0.603	0.786	0.718	0.472	0.669	0.657	0.894	0.674	0.020	0.014	0.993	1.032	0.975	0.956	0.946	0.786	0.832	1.003	0.985	1.067	0.017	0.011
11:54:46	0.944	0.659	0.613	0.788	0.720	0.474	0.671	0.662	0.895	0.673	0.019	0.014	0.993	1.034	0.975	0.956	0.945	0.785	0.834	1.004	0.983	1.076	0.017	0.011
11:59:46	0.922	0.663	0.619	0.788	0.719	0.476	0.668	0.670	0.892	0.675	0.019	0.013	0.993	1.032	0.973	0.956	0.947	0.786	0.833	1.005	0.984	1.042	0.017	0.011
12:04:46	0.928	0.662	0.620	0.787	0.722	0.481	0.671	0.675	0.895	0.675	0.019	0.013	0.992	1.034	0.972	0.954	0.947	0.784	0.833	1.004	0.983	1.071	0.017	0.011

