

Software Version	3.02.1



Experiment File Path:	C:\Users\Public\Documents\Experiments\culviner\all_toxins_publication\190607_toxins_growth3.xpt
Protocol File Path:	C:\Users\Public\Documents\Protocols\Steph\peter_24well.prt



Plate Number	Plate 3
Date	6/8/2019
Time	3:54:58 PM
Reader Type:	Synergy H1
Reader Serial Number:	16111617
Reading Type	Reader

Procedure Details

Plate Type	24 WELL PLATE
Eject plate on completion	
Set Temperature	Setpoint 37°C
	Preheat before moving to next step
Start Kinetic	Runtime 12:00:00 (HH:MM:SS), Interval 0:05:00, 145 Reads
    Shake	Double Orbital: Continuous
	Frequency: 307 cpm (5 mm)
    Read	OD600
	Absorbance Endpoint
	Full Plate
	Wavelengths:  600
	Read Speed: Normal,  Delay: 100 msec,  Measurements/Data Point: 8
End Kinetic	

OD600:600

Time	T° OD600:600	A1	A2	A3	A4	A5	A6	B1	B2	B3	B4	B5	B6	C1	C2	C3	C4	C5	C6	D1	D2	D3	D4	D5	D6
0:04:46	37.0	0.190	0.177	0.179	0.170	0.175	0.167	0.160	0.163	0.163	0.159	0.114	0.119	0.172	0.175	0.170	0.173	0.168	0.172	0.169	0.162	0.169	0.157	0.121	0.118
0:09:46	37.0	0.192	0.182	0.185	0.168	0.175	0.169	0.164	0.164	0.166	0.161	0.113	0.119	0.175	0.176	0.170	0.174	0.170	0.174	0.173	0.167	0.172	0.162	0.121	0.118
0:14:46	37.0	0.197	0.183	0.188	0.170	0.176	0.170	0.167	0.165	0.170	0.163	0.114	0.119	0.179	0.180	0.172	0.176	0.172	0.176	0.185	0.165	0.177	0.166	0.121	0.118
0:19:46	37.0	0.199	0.186	0.189	0.170	0.177	0.170	0.169	0.166	0.173	0.165	0.113	0.119	0.183	0.183	0.174	0.178	0.175	0.179	0.187	0.167	0.180	0.168	0.122	0.118
0:24:46	37.0	0.204	0.188	0.189	0.172	0.178	0.171	0.173	0.167	0.176	0.167	0.114	0.119	0.186	0.186	0.176	0.181	0.177	0.182	0.189	0.169	0.179	0.171	0.122	0.118
0:29:46	37.0	0.208	0.188	0.189	0.172	0.179	0.172	0.175	0.168	0.179	0.170	0.113	0.119	0.191	0.189	0.180	0.183	0.181	0.186	0.194	0.172	0.181	0.176	0.121	0.118
0:34:46	37.0	0.211	0.187	0.190	0.172	0.180	0.175	0.176	0.169	0.182	0.173	0.113	0.119	0.195	0.193	0.184	0.187	0.185	0.191	0.199	0.175	0.186	0.182	0.122	0.118
0:39:46	37.0	0.213	0.188	0.192	0.174	0.183	0.178	0.181	0.171	0.187	0.176	0.113	0.118	0.199	0.198	0.188	0.191	0.190	0.195	0.199	0.179	0.189	0.185	0.122	0.118
0:44:46	37.0	0.216	0.189	0.192	0.176	0.184	0.178	0.186	0.173	0.194	0.179	0.114	0.119	0.204	0.203	0.194	0.195	0.196	0.202	0.204	0.184	0.194	0.190	0.122	0.118
0:49:46	37.0	0.223	0.190	0.193	0.180	0.186	0.181	0.187	0.174	0.194	0.182	0.114	0.119	0.210	0.210	0.200	0.199	0.202	0.206	0.202	0.188	0.200	0.196	0.123	0.118
0:54:46	36.9	0.225	0.193	0.195	0.183	0.188	0.183	0.189	0.176	0.194	0.185	0.114	0.118	0.215	0.216	0.209	0.205	0.209	0.212	0.201	0.192	0.206	0.201	0.122	0.118
0:59:46	37.0	0.226	0.193	0.197	0.186	0.190	0.183	0.189	0.177	0.196	0.187	0.114	0.118	0.222	0.222	0.216	0.209	0.212	0.219	0.200	0.196	0.213	0.206	0.122	0.117
1:04:46	37.0	0.228	0.196	0.197	0.189	0.192	0.184	0.190	0.179	0.200	0.190	0.114	0.118	0.228	0.228	0.221	0.216	0.211	0.225	0.202	0.200	0.220	0.212	0.123	0.117
1:09:46	37.0	0.233	0.198	0.200	0.192	0.193	0.186	0.189	0.180	0.205	0.192	0.114	0.118	0.234	0.235	0.226	0.222	0.213	0.231	0.207	0.205	0.230	0.218	0.123	0.117
1:14:46	37.0	0.239	0.199	0.201	0.196	0.195	0.186	0.190	0.181	0.215	0.194	0.113	0.118	0.246	0.239	0.229	0.226	0.221	0.238	0.213	0.209	0.240	0.224	0.122	0.117
1:19:46	37.0	0.242	0.200	0.204	0.198	0.197	0.187	0.189	0.182	0.224	0.202	0.113	0.118	0.250	0.246	0.237	0.232	0.234	0.246	0.220	0.215	0.249	0.231	0.121	0.117
1:24:46	37.0	0.251	0.201	0.205	0.201	0.197	0.188	0.191	0.183	0.229	0.201	0.113	0.118	0.259	0.253	0.244	0.232	0.241	0.254	0.228	0.221	0.258	0.238	0.122	0.117
1:29:46	37.0	0.256	0.203	0.206	0.200	0.198	0.189	0.191	0.184	0.232	0.202	0.113	0.118	0.265	0.261	0.253	0.235	0.242	0.261	0.229	0.227	0.268	0.246	0.122	0.117
1:34:46	37.0	0.261	0.203	0.209	0.198	0.200	0.190	0.192	0.185	0.239	0.203	0.113	0.118	0.269	0.271	0.259	0.240	0.244	0.269	0.234	0.234	0.282	0.253	0.121	0.117
1:39:46	37.0	0.273	0.202	0.208	0.197	0.201	0.190	0.192	0.186	0.245	0.202	0.113	0.118	0.272	0.279	0.263	0.247	0.251	0.278	0.257	0.242	0.297	0.265	0.122	0.117
1:44:46	37.0	0.278	0.201	0.207	0.196	0.201	0.191	0.193	0.187	0.253	0.205	0.113	0.117	0.280	0.289	0.268	0.255	0.260	0.286	0.262	0.249	0.300	0.270	0.122	0.117
1:49:46	37.0	0.293	0.203	0.210	0.198	0.204	0.192	0.194	0.188	0.261	0.207	0.114	0.117	0.291	0.294	0.276	0.265	0.269	0.294	0.269	0.258	0.314	0.279	0.122	0.117
1:54:46	37.0	0.299	0.205	0.210	0.199	0.205	0.192	0.194	0.190	0.269	0.209	0.114	0.117	0.306	0.301	0.286	0.276	0.277	0.302	0.281	0.267	0.327	0.288	0.123	0.117
1:59:46	37.0	0.323	0.202	0.208	0.199	0.205	0.193	0.195	0.191	0.277	0.211	0.114	0.117	0.320	0.303	0.297	0.284	0.288	0.312	0.291	0.277	0.343	0.304	0.121	0.117
2:04:46	37.0	0.323	0.201	0.206	0.201	0.205	0.194	0.195	0.191	0.286	0.213	0.114	0.117	0.336	0.311	0.306	0.293	0.298	0.321	0.305	0.286	0.358	0.308	0.121	0.117
2:09:46	37.0	0.328	0.201	0.205	0.200	0.204	0.195	0.196	0.193	0.296	0.215	0.113	0.117	0.350	0.321	0.316	0.301	0.309	0.335	0.318	0.297	0.374	0.319	0.122	0.117
2:14:46	37.0	0.347	0.200	0.203	0.201	0.201	0.196	0.197	0.193	0.306	0.218	0.113	0.117	0.365	0.333	0.326	0.310	0.319	0.348	0.331	0.307	0.390	0.330	0.121	0.117
2:19:46	37.0	0.358	0.199	0.200	0.202	0.200	0.196	0.198	0.194	0.316	0.220	0.114	0.117	0.382	0.345	0.337	0.320	0.330	0.363	0.344	0.319	0.406	0.341	0.121	0.117
2:24:46	37.0	0.375	0.200	0.199	0.205	0.200	0.198	0.200	0.194	0.328	0.222	0.114	0.117	0.399	0.359	0.349	0.330	0.344	0.375	0.358	0.332	0.422	0.352	0.121	0.117
2:29:46	37.0	0.390	0.203	0.199	0.205	0.199	0.198	0.201	0.192	0.339	0.226	0.113	0.117	0.417	0.372	0.361	0.341	0.356	0.387	0.373	0.343	0.437	0.363	0.121	0.117
2:34:46	37.0	0.404	0.201	0.200	0.205	0.198	0.200	0.202	0.191	0.351	0.228	0.113	0.117	0.435	0.386	0.375	0.350	0.368	0.398	0.386	0.357	0.454	0.374	0.121	0.117
2:39:46	37.0	0.414	0.201	0.200	0.207	0.200	0.200	0.203	0.190	0.363	0.233	0.114	0.117	0.451	0.398	0.389	0.361	0.381	0.412	0.401	0.372	0.470	0.386	0.121	0.117
2:44:46	37.0	0.443	0.203	0.201	0.209	0.200	0.202	0.205	0.190	0.375	0.237	0.114	0.117	0.466	0.409	0.405	0.372	0.395	0.421	0.418	0.385	0.485	0.397	0.121	0.117
2:49:46	36.9	0.486	0.205	0.203	0.209	0.199	0.202	0.205	0.190	0.388	0.241	0.113	0.117	0.486	0.423	0.419	0.382	0.408	0.418	0.434	0.398	0.498	0.408	0.122	0.117
2:54:46	37.0	0.476	0.204	0.203	0.211	0.200	0.207	0.206	0.192	0.399	0.247	0.114	0.117	0.497	0.436	0.435	0.394	0.423	0.415	0.449	0.412	0.513	0.418	0.121	0.117
2:59:46	37.0	0.485	0.205	0.202	0.213	0.200	0.205	0.207	0.191	0.411	0.253	0.113	0.117	0.511	0.447	0.449	0.404	0.439	0.421	0.465	0.425	0.526	0.429	0.121	0.117
3:04:46	37.0	0.497	0.205	0.203	0.214	0.200	0.206	0.207	0.192	0.422	0.260	0.114	0.117	0.526	0.462	0.463	0.415	0.453	0.434	0.478	0.438	0.538	0.440	0.121	0.117
3:09:46	37.0	0.505	0.207	0.203	0.215	0.201	0.208	0.206	0.191	0.433	0.269	0.114	0.117	0.539	0.475	0.477	0.424	0.467	0.449	0.491	0.451	0.550	0.450	0.121	0.117
3:14:46	37.0	0.516	0.208	0.202	0.215	0.201	0.207	0.205	0.190	0.443	0.283	0.113	0.116	0.553	0.487	0.491	0.434	0.481	0.465	0.504	0.464	0.562	0.460	0.121	0.116
3:19:46	37.0	0.528	0.210	0.204	0.219	0.201	0.208	0.204	0.189	0.453	0.291	0.113	0.116	0.566	0.500	0.507	0.444	0.494	0.477	0.517	0.476	0.573	0.470	0.121	0.117
3:24:46	37.0	0.538	0.211	0.203	0.220	0.202	0.211	0.202	0.188	0.462	0.299	0.113	0.116	0.578	0.513	0.523	0.450	0.506	0.489	0.527	0.487	0.583	0.479	0.120	0.117
3:29:46	37.0	0.548	0.211	0.205	0.221	0.202	0.211	0.201	0.188	0.470	0.310	0.113	0.116	0.588	0.525	0.536	0.461	0.519	0.499	0.538	0.500	0.593	0.489	0.120	0.116
3:34:46	37.0	0.557	0.215	0.202	0.223	0.202	0.212	0.203	0.188	0.479	0.319	0.113	0.116	0.600	0.538	0.552	0.468	0.530	0.506	0.548	0.510	0.603	0.500	0.121	0.116
3:39:46	37.0	0.566	0.213	0.203	0.224	0.203	0.214	0.206	0.188	0.488	0.328	0.113	0.116	0.611	0.550	0.566	0.477	0.541	0.510	0.558	0.522	0.612	0.509	0.121	0.117
3:44:46	37.0	0.575	0.217	0.205	0.226	0.202	0.215	0.210	0.188	0.496	0.337	0.113	0.116	0.620	0.560	0.577	0.485	0.553	0.514	0.565	0.532	0.620	0.518	0.122	0.116
3:49:46	37.0	0.584	0.216	0.203	0.230	0.203	0.215	0.212	0.190	0.504	0.344	0.113	0.116	0.628	0.572	0.591	0.492	0.563	0.519	0.575	0.542	0.628	0.526	0.120	0.116
3:54:46	36.9	0.597	0.217	0.204	0.234	0.203	0.216	0.211	0.191	0.513	0.350	0.113	0.116	0.636	0.583	0.604	0.501	0.573	0.527	0.585	0.552	0.636	0.535	0.121	0.116
3:59:46	37.0	0.602	0.218	0.204	0.238	0.203	0.217	0.206	0.192	0.521	0.352	0.113	0.116	0.645	0.592	0.614	0.509	0.583	0.535	0.592	0.560	0.643	0.544	0.120	0.116
4:04:46	37.0	0.609	0.218	0.204	0.243	0.202	0.218	0.202	0.192	0.529	0.356	0.113	0.116	0.652	0.602	0.626	0.517	0.592	0.543	0.600	0.567	0.650	0.553	0.120	0.117
4:09:46	37.0	0.615	0.221	0.205	0.247	0.202	0.219	0.201	0.194	0.537	0.363	0.113	0.116	0.659	0.610	0.637	0.524	0.601	0.549	0.605	0.576	0.657	0.563	0.121	0.117
4:14:46	37.0	0.622	0.223	0.205	0.258	0.202	0.220	0.201	0.195	0.546	0.369	0.113	0.116	0.667	0.619	0.647	0.534	0.609	0.557	0.613	0.582	0.663	0.571	0.120	0.117
4:19:46	37.0	0.628	0.223	0.205	0.264	0.202	0.222	0.201	0.196	0.553	0.375	0.113	0.116	0.672	0.627	0.655	0.542	0.616	0.564	0.618	0.591	0.670	0.581	0.121	0.116
4:24:46	37.0	0.631	0.224	0.206	0.273	0.201	0.223	0.203	0.199	0.561	0.380	0.113	0.116	0.679	0.634	0.665	0.549	0.623	0.570	0.624	0.597	0.675	0.590	0.121	0.116
4:29:46	37.0	0.638	0.229	0.208	0.299	0.202	0.224	0.205	0.199	0.567	0.386	0.113	0.116	0.685	0.641	0.670	0.556	0.631	0.576	0.630	0.604	0.681	0.598	0.120	0.117
4:34:46	37.0	0.642	0.227	0.207	0.306	0.202	0.225	0.207	0.203	0.574	0.392	0.113	0.115	0.690	0.649	0.677	0.562	0.639	0.583	0.630	0.611	0.686	0.608	0.123	0.116
4:39:46	37.0	0.648	0.227	0.208	0.315	0.201	0.228	0.209	0.204	0.581	0.398	0.113	0.115	0.696	0.655	0.683	0.570	0.645	0.589	0.641	0.618	0.693	0.617	0.121	0.116
4:44:46	37.0	0.654	0.230	0.208	0.322	0.203	0.230	0.211	0.207	0.588	0.404	0.113	0.115	0.702	0.660	0.690	0.576	0.651	0.594	0.647	0.622	0.697	0.623	0.120	0.116
4:49:46	37.0	0.657	0.232	0.208	0.330	0.201	0.232	0.212	0.208	0.595	0.411	0.114	0.115	0.707	0.665	0.696	0.582	0.657	0.598	0.646	0.629	0.703	0.632	0.121	0.116
4:54:46	36.9	0.660	0.233	0.210	0.337	0.201	0.233	0.214	0.210	0.601	0.417	0.114	0.115	0.711	0.670	0.702	0.588	0.663	0.604	0.651	0.636	0.707	0.640	0.122	0.116
4:59:46	37.0	0.664	0.234	0.208	0.343	0.200	0.234	0.216	0.211	0.604	0.423	0.114	0.115	0.715	0.676	0.707	0.594	0.668	0.609	0.660	0.641	0.712	0.648	0.121	0.116
5:04:46	37.0	0.666	0.239	0.209	0.351	0.201	0.235	0.218	0.212	0.606	0.429	0.114	0.115	0.719	0.681	0.712	0.600	0.673	0.614	0.660	0.645	0.716	0.654	0.122	0.116
5:09:46	37.0	0.671	0.241	0.212	0.358	0.201	0.239	0.221	0.214	0.608	0.435	0.112	0.115	0.724	0.686	0.716	0.603	0.679	0.618	0.668	0.651	0.721	0.661	0.122	0.116
5:14:46	37.0	0.673	0.241	0.213	0.364	0.201	0.239	0.223	0.215	0.613	0.441	0.113	0.115	0.727	0.692	0.720	0.607	0.684	0.623	0.668	0.655	0.725	0.669	0.121	0.116
5:19:46	37.0	0.677	0.239	0.212	0.372	0.201	0.242	0.225	0.216	0.615	0.447	0.112	0.115	0.732	0.696	0.724	0.612	0.689	0.627	0.673	0.660	0.729	0.676	0.121	0.116
5:24:46	37.0	0.681	0.246	0.213	0.379	0.201	0.241	0.226	0.217	0.621	0.454	0.113	0.115	0.735	0.700	0.729	0.616	0.694	0.632	0.678	0.665	0.733	0.680	0.121	0.116
5:29:46	37.0	0.684	0.250	0.215	0.386	0.202	0.245	0.229	0.217	0.625	0.458	0.113	0.115	0.738	0.706	0.732	0.619	0.698	0.635	0.681	0.670	0.736	0.689	0.121	0.116
5:34:46	37.0	0.690	0.251	0.217	0.392	0.202	0.247	0.230	0.218	0.631	0.465	0.113	0.115	0.742	0.710	0.733	0.624	0.704	0.638	0.684	0.676	0.740	0.695	0.121	0.116
5:39:46	37.0	0.693	0.255	0.218	0.399	0.203	0.248	0.232	0.219	0.635	0.472	0.112	0.115	0.745	0.714	0.736	0.627	0.709	0.640	0.687	0.680	0.744	0.702	0.121	0.116
5:44:46	37.0	0.698	0.258	0.217	0.405	0.204	0.251	0.234	0.220	0.641	0.477	0.113	0.115	0.748	0.718	0.738	0.632	0.712	0.647	0.690	0.684	0.747	0.708	0.120	0.116
5:49:46	37.0	0.702	0.262	0.222	0.411	0.204	0.252	0.235	0.221	0.645	0.482	0.114	0.115	0.751	0.722	0.741	0.637	0.715	0.648	0.696	0.690	0.750	0.714	0.120	0.116
5:54:46	37.0	0.706	0.263	0.221	0.418	0.205	0.252	0.237	0.223	0.649	0.488	0.113	0.115	0.753	0.725	0.745	0.638	0.720	0.650	0.695	0.694	0.753	0.719	0.121	0.116
5:59:46	37.0	0.710	0.266	0.225	0.426	0.206	0.256	0.240	0.224	0.654	0.494	0.113	0.115	0.756	0.730	0.748	0.642	0.724	0.651	0.699	0.698	0.756	0.724	0.120	0.116
6:04:46	37.0	0.712	0.268	0.225	0.432	0.208	0.256	0.243	0.226	0.658	0.497	0.113	0.115	0.759	0.732	0.752	0.648	0.727	0.654	0.697	0.701	0.759	0.731	0.121	0.116
6:09:46	37.0	0.714	0.272	0.224	0.439	0.208	0.255	0.246	0.227	0.663	0.499	0.113	0.115	0.761	0.734	0.756	0.651	0.731	0.655	0.700	0.706	0.759	0.736	0.120	0.116
6:14:46	37.0	0.717	0.280	0.225	0.445	0.209	0.258	0.248	0.229	0.667	0.501	0.112	0.115	0.763	0.738	0.760	0.654	0.733	0.658	0.700	0.710	0.763	0.742	0.120	0.116
6:19:46	37.0	0.726	0.285	0.229	0.451	0.211	0.259	0.251	0.231	0.670	0.505	0.112	0.115	0.764	0.742	0.762	0.660	0.735	0.658	0.702	0.711	0.764	0.747	0.120	0.116
6:24:46	37.0	0.729	0.289	0.233	0.456	0.213	0.261	0.253	0.232	0.675	0.509	0.113	0.115	0.766	0.745	0.764	0.662	0.737	0.660	0.704	0.715	0.767	0.751	0.120	0.116
6:29:46	37.0	0.724	0.292	0.247	0.461	0.214	0.260	0.258	0.234	0.678	0.514	0.113	0.115	0.767	0.747	0.765	0.664	0.741	0.660	0.702	0.717	0.768	0.754	0.120	0.116
6:34:46	37.0	0.729	0.297	0.252	0.469	0.218	0.263	0.262	0.237	0.682	0.518	0.113	0.115	0.767	0.750	0.767	0.668	0.743	0.661	0.703	0.721	0.766	0.760	0.121	0.116
6:39:46	37.0	0.729	0.306	0.258	0.473	0.219	0.266	0.266	0.240	0.685	0.524	0.113	0.115	0.768	0.753	0.770	0.671	0.746	0.660	0.703	0.722	0.769	0.761	0.120	0.116
6:44:46	37.0	0.727	0.323	0.278	0.478	0.221	0.269	0.271	0.243	0.688	0.528	0.113	0.114	0.768	0.756	0.768	0.674	0.748	0.661	0.704	0.724	0.771	0.764	0.121	0.116
6:49:46	37.0	0.730	0.326	0.284	0.485	0.224	0.270	0.275	0.245	0.691	0.533	0.113	0.114	0.770	0.758	0.769	0.676	0.749	0.662	0.703	0.725	0.770	0.767	0.121	0.116
6:54:46	37.0	0.738	0.347	0.283	0.489	0.227	0.269	0.281	0.248	0.691	0.537	0.113	0.114	0.771	0.761	0.769	0.680	0.750	0.661	0.702	0.725	0.769	0.765	0.121	0.116
6:59:46	37.0	0.739	0.358	0.281	0.493	0.229	0.265	0.286	0.251	0.693	0.543	0.113	0.114	0.772	0.763	0.768	0.682	0.750	0.663	0.702	0.727	0.768	0.769	0.122	0.116
7:04:46	37.0	0.740	0.377	0.285	0.496	0.233	0.268	0.288	0.254	0.694	0.547	0.113	0.114	0.772	0.766	0.768	0.684	0.751	0.663	0.700	0.724	0.770	0.769	0.120	0.116
7:09:46	37.0	0.741	0.400	0.289	0.505	0.236	0.270	0.292	0.256	0.695	0.552	0.112	0.114	0.772	0.768	0.770	0.689	0.752	0.662	0.700	0.727	0.770	0.772	0.120	0.116
7:14:46	37.0	0.741	0.380	0.292	0.508	0.240	0.274	0.295	0.261	0.696	0.556	0.113	0.114	0.772	0.770	0.771	0.691	0.752	0.664	0.698	0.727	0.769	0.774	0.119	0.116
7:19:46	36.9	0.738	0.384	0.297	0.513	0.243	0.276	0.298	0.265	0.697	0.560	0.113	0.114	0.773	0.772	0.768	0.691	0.752	0.663	0.699	0.726	0.770	0.774	0.121	0.116
7:24:46	37.0	0.738	0.394	0.298	0.519	0.247	0.279	0.301	0.267	0.697	0.565	0.113	0.114	0.774	0.773	0.769	0.692	0.752	0.663	0.699	0.728	0.771	0.776	0.120	0.116
7:29:46	37.0	0.739	0.404	0.304	0.523	0.252	0.281	0.304	0.270	0.698	0.570	0.113	0.114	0.774	0.775	0.768	0.696	0.753	0.663	0.697	0.727	0.770	0.778	0.120	0.116
7:34:46	37.0	0.745	0.410	0.306	0.527	0.257	0.282	0.308	0.275	0.700	0.573	0.113	0.114	0.774	0.777	0.767	0.696	0.753	0.664	0.697	0.728	0.770	0.777	0.119	0.116
7:39:46	37.0	0.746	0.413	0.313	0.532	0.263	0.285	0.312	0.278	0.699	0.577	0.113	0.114	0.774	0.778	0.766	0.698	0.754	0.664	0.698	0.726	0.772	0.780	0.119	0.116
7:44:46	37.0	0.746	0.415	0.319	0.535	0.269	0.286	0.315	0.281	0.699	0.583	0.113	0.114	0.775	0.780	0.766	0.699	0.754	0.663	0.698	0.728	0.773	0.784	0.119	0.116
7:49:46	37.0	0.749	0.419	0.326	0.541	0.274	0.287	0.320	0.287	0.700	0.584	0.113	0.114	0.775	0.780	0.766	0.698	0.755	0.662	0.698	0.729	0.773	0.782	0.120	0.116
7:54:46	36.9	0.749	0.422	0.332	0.542	0.282	0.288	0.324	0.290	0.700	0.588	0.113	0.114	0.775	0.781	0.766	0.698	0.755	0.663	0.698	0.729	0.773	0.780	0.121	0.116
7:59:46	37.0	0.750	0.425	0.337	0.545	0.289	0.288	0.328	0.294	0.701	0.591	0.112	0.114	0.775	0.782	0.765	0.697	0.756	0.663	0.697	0.728	0.773	0.783	0.119	0.116
8:04:46	37.0	0.750	0.430	0.344	0.545	0.298	0.290	0.334	0.298	0.702	0.594	0.113	0.114	0.775	0.781	0.767	0.700	0.756	0.662	0.699	0.730	0.773	0.783	0.120	0.116
8:09:46	37.0	0.752	0.439	0.350	0.547	0.309	0.292	0.339	0.302	0.701	0.599	0.113	0.114	0.775	0.783	0.767	0.699	0.757	0.663	0.698	0.729	0.773	0.784	0.120	0.116
8:14:46	37.0	0.750	0.442	0.356	0.553	0.315	0.294	0.342	0.308	0.701	0.603	0.112	0.114	0.775	0.783	0.768	0.698	0.756	0.662	0.699	0.730	0.772	0.787	0.119	0.116
8:19:46	37.0	0.752	0.451	0.362	0.557	0.325	0.296	0.348	0.313	0.702	0.605	0.113	0.114	0.775	0.783	0.767	0.697	0.758	0.662	0.698	0.730	0.772	0.790	0.119	0.116
8:24:46	37.0	0.754	0.460	0.368	0.558	0.337	0.298	0.353	0.317	0.702	0.607	0.113	0.114	0.775	0.785	0.768	0.700	0.758	0.661	0.698	0.730	0.773	0.793	0.119	0.116
8:29:46	37.0	0.753	0.465	0.377	0.562	0.347	0.301	0.359	0.322	0.702	0.611	0.112	0.114	0.775	0.784	0.770	0.702	0.759	0.661	0.699	0.730	0.772	0.792	0.120	0.116
8:34:46	37.0	0.755	0.471	0.378	0.564	0.352	0.303	0.362	0.328	0.704	0.613	0.113	0.114	0.775	0.785	0.770	0.701	0.759	0.660	0.697	0.733	0.774	0.792	0.119	0.116
8:39:46	36.9	0.752	0.477	0.386	0.568	0.358	0.307	0.363	0.333	0.705	0.616	0.113	0.114	0.775	0.787	0.770	0.700	0.760	0.661	0.698	0.734	0.776	0.794	0.119	0.116
8:44:46	37.0	0.754	0.486	0.392	0.573	0.363	0.309	0.366	0.338	0.707	0.617	0.114	0.113	0.775	0.788	0.771	0.700	0.759	0.660	0.696	0.732	0.776	0.788	0.119	0.116
8:49:46	37.0	0.752	0.488	0.399	0.577	0.370	0.313	0.371	0.345	0.708	0.618	0.114	0.113	0.775	0.788	0.772	0.702	0.761	0.660	0.697	0.732	0.776	0.795	0.119	0.116
8:54:46	37.0	0.747	0.493	0.377	0.579	0.380	0.315	0.375	0.350	0.708	0.619	0.115	0.113	0.775	0.788	0.771	0.701	0.762	0.659	0.696	0.733	0.775	0.796	0.119	0.116
8:59:46	37.0	0.750	0.502	0.404	0.583	0.386	0.319	0.381	0.355	0.709	0.620	0.114	0.113	0.774	0.789	0.771	0.700	0.761	0.660	0.698	0.734	0.775	0.794	0.122	0.116
9:04:46	37.0	0.746	0.511	0.391	0.590	0.393	0.324	0.387	0.361	0.711	0.621	0.113	0.113	0.775	0.790	0.772	0.701	0.761	0.660	0.697	0.735	0.776	0.798	0.120	0.115
9:09:46	37.0	0.748	0.514	0.448	0.600	0.403	0.326	0.391	0.368	0.710	0.621	0.114	0.113	0.774	0.790	0.773	0.700	0.762	0.659	0.697	0.735	0.776	0.805	0.119	0.116
9:14:46	37.0	0.742	0.522	0.401	0.596	0.411	0.330	0.399	0.373	0.710	0.622	0.113	0.113	0.775	0.790	0.774	0.702	0.763	0.660	0.698	0.735	0.776	0.802	0.119	0.116
9:19:46	37.0	0.743	0.530	0.472	0.594	0.417	0.333	0.404	0.379	0.713	0.622	0.113	0.113	0.774	0.790	0.773	0.701	0.762	0.659	0.697	0.737	0.777	0.795	0.120	0.116
9:24:46	37.0	0.741	0.533	0.461	0.613	0.423	0.337	0.409	0.386	0.711	0.623	0.113	0.113	0.774	0.791	0.773	0.698	0.762	0.660	0.697	0.736	0.777	0.803	0.119	0.115
9:29:46	37.0	0.742	0.541	0.458	0.600	0.430	0.340	0.415	0.393	0.710	0.624	0.113	0.113	0.774	0.791	0.774	0.699	0.763	0.659	0.696	0.737	0.777	0.802	0.120	0.115
9:34:46	37.0	0.754	0.545	0.455	0.603	0.437	0.343	0.421	0.397	0.712	0.624	0.113	0.113	0.774	0.791	0.775	0.701	0.763	0.660	0.696	0.739	0.777	0.807	0.120	0.115
9:39:46	37.0	0.745	0.551	0.481	0.609	0.443	0.347	0.427	0.403	0.714	0.624	0.113	0.113	0.774	0.792	0.775	0.699	0.762	0.659	0.696	0.737	0.778	0.803	0.120	0.115
9:44:46	37.0	0.744	0.559	0.486	0.608	0.449	0.351	0.433	0.409	0.714	0.624	0.114	0.113	0.773	0.792	0.775	0.697	0.763	0.660	0.697	0.739	0.778	0.802	0.121	0.116
9:49:46	37.0	0.740	0.564	0.473	0.618	0.455	0.354	0.437	0.416	0.712	0.625	0.114	0.113	0.774	0.792	0.775	0.699	0.763	0.660	0.699	0.739	0.778	0.809	0.120	0.115
9:54:46	37.0	0.745	0.570	0.475	0.629	0.461	0.357	0.443	0.421	0.712	0.626	0.113	0.113	0.774	0.792	0.775	0.699	0.763	0.659	0.698	0.739	0.778	0.808	0.121	0.115
9:59:46	37.0	0.739	0.575	0.484	0.634	0.466	0.361	0.449	0.426	0.711	0.625	0.113	0.113	0.773	0.792	0.775	0.699	0.763	0.659	0.700	0.740	0.778	0.802	0.120	0.116
10:04:46	37.0	0.741	0.579	0.488	0.648	0.473	0.365	0.454	0.430	0.713	0.626	0.113	0.113	0.774	0.792	0.775	0.698	0.763	0.659	0.695	0.740	0.779	0.814	0.119	0.116
10:09:46	36.9	0.744	0.584	0.489	0.656	0.475	0.367	0.458	0.437	0.713	0.626	0.113	0.113	0.774	0.792	0.776	0.698	0.763	0.659	0.699	0.738	0.778	0.811	0.119	0.116
10:14:46	37.0	0.745	0.587	0.484	0.633	0.478	0.371	0.462	0.440	0.714	0.627	0.113	0.113	0.773	0.792	0.776	0.698	0.762	0.658	0.698	0.739	0.780	0.814	0.120	0.116
10:19:46	37.0	0.743	0.592	0.490	0.641	0.481	0.373	0.468	0.445	0.714	0.627	0.114	0.113	0.773	0.792	0.776	0.699	0.763	0.659	0.697	0.738	0.779	0.807	0.120	0.116
10:24:46	37.0	0.747	0.596	0.480	0.644	0.485	0.376	0.473	0.448	0.714	0.627	0.114	0.113	0.774	0.792	0.776	0.698	0.763	0.657	0.698	0.740	0.780	0.817	0.121	0.115
10:29:46	37.0	0.742	0.596	0.478	0.647	0.489	0.379	0.477	0.449	0.714	0.627	0.113	0.113	0.774	0.792	0.776	0.697	0.765	0.658	0.697	0.737	0.779	0.809	0.120	0.115
10:34:46	37.0	0.746	0.597	0.486	0.651	0.495	0.383	0.482	0.451	0.716	0.628	0.113	0.113	0.773	0.792	0.776	0.699	0.764	0.658	0.697	0.738	0.780	0.816	0.120	0.115
10:39:46	36.9	0.743	0.602	0.496	0.644	0.499	0.385	0.487	0.454	0.714	0.627	0.113	0.113	0.773	0.792	0.776	0.697	0.764	0.657	0.697	0.739	0.780	0.818	0.120	0.115
10:44:46	37.0	0.746	0.605	0.509	0.648	0.504	0.388	0.491	0.458	0.714	0.628	0.113	0.113	0.773	0.792	0.775	0.697	0.764	0.657	0.697	0.741	0.780	0.812	0.120	0.116
10:49:46	37.0	0.748	0.609	0.555	0.636	0.510	0.391	0.495	0.461	0.714	0.629	0.114	0.112	0.773	0.791	0.776	0.697	0.764	0.657	0.696	0.738	0.780	0.819	0.120	0.115
10:54:46	37.0	0.749	0.605	0.559	0.623	0.516	0.395	0.499	0.466	0.715	0.628	0.114	0.113	0.773	0.791	0.775	0.697	0.765	0.657	0.697	0.740	0.781	0.821	0.119	0.116
10:59:46	37.0	0.754	0.609	0.590	0.641	0.521	0.397	0.504	0.470	0.717	0.627	0.114	0.113	0.772	0.792	0.775	0.697	0.765	0.657	0.697	0.740	0.781	0.820	0.119	0.116
11:04:46	37.0	0.753	0.608	0.589	0.627	0.526	0.401	0.509	0.474	0.717	0.628	0.113	0.113	0.773	0.792	0.775	0.697	0.765	0.656	0.696	0.740	0.781	0.822	0.120	0.115
11:09:46	37.0	0.749	0.612	0.586	0.628	0.531	0.403	0.513	0.479	0.718	0.628	0.113	0.112	0.773	0.791	0.775	0.698	0.766	0.656	0.696	0.741	0.780	0.811	0.118	0.116
11:14:46	37.0	0.753	0.612	0.543	0.632	0.537	0.405	0.515	0.482	0.718	0.628	0.114	0.112	0.773	0.791	0.775	0.698	0.765	0.656	0.696	0.742	0.781	0.813	0.120	0.116
11:19:46	37.0	0.756	0.615	0.549	0.656	0.541	0.408	0.519	0.487	0.718	0.628	0.114	0.112	0.772	0.791	0.775	0.697	0.765	0.655	0.696	0.742	0.780	0.815	0.120	0.115
11:24:46	37.0	0.751	0.613	0.557	0.651	0.547	0.411	0.522	0.491	0.720	0.628	0.113	0.112	0.772	0.792	0.776	0.696	0.765	0.656	0.696	0.741	0.781	0.825	0.119	0.115
11:29:46	37.0	0.753	0.614	0.561	0.660	0.552	0.413	0.525	0.495	0.720	0.629	0.113	0.112	0.772	0.792	0.775	0.697	0.765	0.656	0.696	0.742	0.780	0.824	0.119	0.115
11:34:46	37.0	0.756	0.620	0.568	0.639	0.556	0.417	0.529	0.500	0.720	0.629	0.114	0.112	0.773	0.791	0.776	0.697	0.765	0.655	0.696	0.742	0.781	0.826	0.119	0.116
11:39:46	36.9	0.752	0.618	0.574	0.643	0.561	0.419	0.533	0.503	0.719	0.628	0.114	0.113	0.773	0.792	0.775	0.696	0.765	0.657	0.697	0.742	0.780	0.826	0.119	0.115
11:44:46	37.0	0.752	0.622	0.575	0.639	0.565	0.423	0.536	0.506	0.720	0.629	0.114	0.112	0.772	0.791	0.776	0.695	0.765	0.656	0.696	0.743	0.781	0.824	0.121	0.115
11:49:46	37.0	0.753	0.624	0.579	0.633	0.567	0.427	0.538	0.512	0.719	0.629	0.114	0.112	0.773	0.791	0.775	0.696	0.764	0.655	0.696	0.742	0.780	0.822	0.120	0.115
11:54:46	37.0	0.749	0.623	0.586	0.682	0.573	0.426	0.542	0.514	0.719	0.630	0.114	0.112	0.773	0.791	0.775	0.696	0.764	0.655	0.696	0.741	0.780	0.821	0.118	0.115
11:59:46	36.9	0.750	0.626	0.558	0.657	0.576	0.429	0.546	0.519	0.722	0.630	0.113	0.112	0.773	0.791	0.775	0.695	0.765	0.655	0.696	0.741	0.781	0.824	0.119	0.115
12:04:46	36.9	0.754	0.632	0.562	0.648	0.579	0.432	0.548	0.522	0.718	0.630	0.115	0.112	0.773	0.792	0.776	0.693	0.764	0.654	0.696	0.743	0.781	0.826	0.119	0.115

estimated_OD600

Time	A1	A2	A3	A4	A5	A6	B1	B2	B3	B4	B5	B6	C1	C2	C3	C4	C5	C6	D1	D2	D3	D4	D5	D6
0:04:46	0.101	0.085	0.088	0.078	0.083	0.073	0.066	0.069	0.069	0.064	0.013	0.020	0.080	0.083	0.077	0.081	0.075	0.080	0.076	0.068	0.076	0.062	0.021	0.019
0:09:46	0.104	0.091	0.095	0.075	0.083	0.077	0.070	0.070	0.073	0.067	0.013	0.019	0.084	0.085	0.077	0.082	0.077	0.082	0.081	0.074	0.080	0.068	0.021	0.018
0:14:46	0.109	0.093	0.098	0.078	0.085	0.077	0.074	0.071	0.077	0.069	0.013	0.019	0.088	0.089	0.079	0.084	0.080	0.085	0.095	0.072	0.085	0.073	0.022	0.018
0:19:46	0.112	0.096	0.100	0.077	0.085	0.077	0.076	0.073	0.081	0.072	0.013	0.019	0.092	0.092	0.082	0.087	0.083	0.088	0.098	0.074	0.089	0.074	0.022	0.018
0:24:46	0.117	0.098	0.100	0.080	0.086	0.079	0.081	0.074	0.084	0.074	0.013	0.019	0.097	0.096	0.085	0.090	0.086	0.091	0.099	0.077	0.088	0.078	0.022	0.018
0:29:46	0.123	0.099	0.100	0.079	0.088	0.080	0.083	0.075	0.088	0.077	0.013	0.019	0.102	0.099	0.089	0.093	0.090	0.096	0.106	0.080	0.090	0.085	0.022	0.018
0:34:46	0.126	0.097	0.101	0.080	0.089	0.084	0.085	0.077	0.091	0.081	0.013	0.019	0.106	0.104	0.093	0.097	0.095	0.102	0.111	0.084	0.097	0.091	0.023	0.018
0:39:46	0.129	0.098	0.103	0.082	0.092	0.086	0.091	0.078	0.097	0.084	0.013	0.019	0.112	0.110	0.099	0.102	0.101	0.107	0.112	0.088	0.100	0.095	0.022	0.018
0:44:46	0.133	0.099	0.104	0.085	0.094	0.087	0.096	0.080	0.106	0.088	0.013	0.019	0.118	0.116	0.105	0.106	0.108	0.115	0.118	0.093	0.106	0.101	0.023	0.018
0:49:46	0.140	0.101	0.104	0.089	0.097	0.090	0.097	0.082	0.106	0.092	0.013	0.019	0.125	0.125	0.113	0.112	0.116	0.120	0.115	0.099	0.113	0.107	0.023	0.018
0:54:46	0.143	0.105	0.106	0.093	0.098	0.092	0.100	0.084	0.105	0.095	0.013	0.019	0.131	0.132	0.124	0.119	0.124	0.128	0.114	0.103	0.120	0.114	0.023	0.018
0:59:46	0.144	0.105	0.109	0.096	0.101	0.093	0.099	0.086	0.108	0.098	0.013	0.019	0.140	0.139	0.132	0.124	0.127	0.135	0.113	0.108	0.128	0.120	0.023	0.018
1:04:46	0.147	0.108	0.109	0.099	0.103	0.094	0.101	0.088	0.113	0.101	0.014	0.018	0.146	0.147	0.138	0.132	0.127	0.143	0.115	0.113	0.138	0.127	0.024	0.018
1:09:46	0.153	0.110	0.113	0.104	0.105	0.096	0.099	0.089	0.119	0.103	0.013	0.018	0.154	0.155	0.144	0.139	0.128	0.151	0.121	0.118	0.149	0.134	0.023	0.018
1:14:46	0.160	0.112	0.115	0.108	0.107	0.097	0.100	0.091	0.131	0.106	0.013	0.018	0.169	0.161	0.147	0.145	0.138	0.160	0.129	0.124	0.162	0.142	0.023	0.018
1:19:46	0.164	0.113	0.117	0.110	0.109	0.097	0.100	0.091	0.141	0.115	0.013	0.018	0.174	0.170	0.158	0.151	0.154	0.169	0.138	0.131	0.173	0.151	0.021	0.018
1:24:46	0.175	0.114	0.118	0.114	0.110	0.098	0.102	0.092	0.148	0.114	0.013	0.018	0.185	0.178	0.167	0.152	0.163	0.179	0.146	0.139	0.185	0.160	0.023	0.017
1:29:46	0.182	0.116	0.120	0.113	0.111	0.100	0.102	0.094	0.152	0.115	0.013	0.018	0.194	0.188	0.178	0.156	0.164	0.188	0.148	0.146	0.196	0.169	0.023	0.017
1:34:46	0.188	0.116	0.124	0.111	0.113	0.101	0.103	0.095	0.160	0.116	0.013	0.018	0.198	0.200	0.185	0.162	0.167	0.198	0.154	0.155	0.215	0.178	0.022	0.017
1:39:46	0.203	0.115	0.123	0.109	0.114	0.101	0.104	0.096	0.168	0.116	0.013	0.018	0.202	0.211	0.191	0.170	0.176	0.209	0.182	0.164	0.234	0.193	0.023	0.017
1:44:46	0.210	0.114	0.121	0.109	0.115	0.102	0.105	0.097	0.177	0.118	0.013	0.018	0.212	0.223	0.197	0.180	0.186	0.220	0.189	0.173	0.238	0.200	0.022	0.017
1:49:46	0.229	0.117	0.125	0.111	0.117	0.104	0.105	0.098	0.188	0.122	0.014	0.018	0.227	0.231	0.207	0.193	0.198	0.230	0.198	0.184	0.257	0.211	0.023	0.017
1:54:46	0.237	0.118	0.125	0.111	0.118	0.104	0.106	0.101	0.198	0.124	0.014	0.018	0.246	0.240	0.220	0.206	0.209	0.240	0.213	0.195	0.274	0.223	0.023	0.017
1:59:46	0.268	0.115	0.122	0.112	0.119	0.105	0.107	0.102	0.208	0.126	0.014	0.018	0.265	0.241	0.234	0.218	0.222	0.254	0.226	0.208	0.295	0.244	0.022	0.017
2:04:46	0.268	0.114	0.120	0.114	0.119	0.105	0.107	0.102	0.220	0.128	0.013	0.017	0.286	0.252	0.246	0.229	0.235	0.266	0.244	0.220	0.315	0.249	0.022	0.017
2:09:46	0.275	0.114	0.118	0.113	0.117	0.107	0.107	0.104	0.233	0.131	0.013	0.017	0.305	0.266	0.259	0.239	0.250	0.284	0.262	0.234	0.337	0.263	0.022	0.017
2:14:46	0.301	0.113	0.116	0.114	0.114	0.108	0.109	0.105	0.246	0.134	0.013	0.017	0.325	0.281	0.273	0.251	0.263	0.303	0.279	0.248	0.360	0.277	0.021	0.017
2:19:46	0.316	0.111	0.112	0.115	0.112	0.108	0.110	0.106	0.259	0.137	0.013	0.017	0.349	0.298	0.287	0.265	0.278	0.322	0.297	0.263	0.382	0.293	0.021	0.017
2:24:46	0.338	0.113	0.112	0.119	0.112	0.110	0.113	0.105	0.275	0.139	0.013	0.017	0.373	0.317	0.303	0.278	0.296	0.339	0.315	0.280	0.406	0.308	0.022	0.017
2:29:46	0.359	0.116	0.112	0.119	0.112	0.111	0.114	0.104	0.290	0.144	0.013	0.017	0.398	0.334	0.320	0.293	0.312	0.355	0.337	0.295	0.428	0.323	0.021	0.017
2:34:46	0.379	0.114	0.113	0.119	0.110	0.113	0.115	0.102	0.306	0.147	0.013	0.017	0.423	0.354	0.339	0.305	0.329	0.372	0.355	0.314	0.452	0.338	0.022	0.017
2:39:46	0.394	0.114	0.113	0.121	0.113	0.113	0.116	0.101	0.322	0.152	0.013	0.017	0.448	0.371	0.359	0.319	0.347	0.391	0.376	0.334	0.475	0.354	0.021	0.017
2:44:46	0.436	0.116	0.114	0.123	0.113	0.115	0.118	0.101	0.339	0.157	0.013	0.017	0.470	0.387	0.381	0.335	0.367	0.404	0.400	0.353	0.498	0.370	0.022	0.017
2:49:46	0.500	0.119	0.116	0.124	0.112	0.116	0.119	0.101	0.357	0.163	0.013	0.017	0.500	0.407	0.402	0.349	0.386	0.400	0.423	0.371	0.518	0.386	0.023	0.017
2:54:46	0.484	0.117	0.117	0.127	0.113	0.121	0.120	0.103	0.373	0.170	0.014	0.017	0.516	0.425	0.424	0.365	0.407	0.396	0.444	0.391	0.540	0.400	0.021	0.017
2:59:46	0.498	0.119	0.116	0.129	0.113	0.119	0.121	0.102	0.390	0.178	0.013	0.017	0.538	0.442	0.445	0.380	0.430	0.404	0.468	0.409	0.560	0.415	0.021	0.017
3:04:46	0.516	0.119	0.117	0.130	0.113	0.120	0.121	0.103	0.405	0.186	0.013	0.017	0.561	0.463	0.466	0.395	0.451	0.423	0.488	0.429	0.579	0.431	0.021	0.017
3:09:46	0.529	0.122	0.117	0.131	0.114	0.122	0.121	0.102	0.421	0.198	0.013	0.017	0.581	0.483	0.487	0.408	0.471	0.445	0.507	0.448	0.598	0.446	0.022	0.017
3:14:46	0.546	0.123	0.116	0.131	0.114	0.122	0.119	0.100	0.436	0.216	0.013	0.016	0.603	0.501	0.508	0.423	0.493	0.468	0.527	0.466	0.616	0.461	0.021	0.016
3:19:46	0.563	0.125	0.118	0.136	0.114	0.123	0.117	0.100	0.451	0.226	0.013	0.016	0.623	0.521	0.532	0.437	0.511	0.487	0.546	0.484	0.634	0.476	0.021	0.017
3:24:46	0.579	0.127	0.117	0.136	0.115	0.126	0.115	0.098	0.463	0.237	0.013	0.016	0.643	0.540	0.556	0.447	0.530	0.504	0.562	0.501	0.651	0.490	0.021	0.017
3:29:46	0.595	0.126	0.118	0.139	0.115	0.126	0.114	0.098	0.476	0.251	0.013	0.016	0.659	0.560	0.577	0.462	0.550	0.519	0.579	0.520	0.666	0.504	0.021	0.016
3:34:46	0.609	0.131	0.116	0.141	0.115	0.127	0.116	0.099	0.489	0.263	0.013	0.016	0.679	0.579	0.601	0.473	0.568	0.530	0.596	0.536	0.683	0.520	0.022	0.016
3:39:46	0.624	0.129	0.117	0.142	0.116	0.130	0.120	0.099	0.503	0.275	0.013	0.016	0.696	0.598	0.624	0.486	0.585	0.536	0.611	0.554	0.697	0.534	0.021	0.017
3:44:46	0.639	0.133	0.118	0.144	0.116	0.130	0.125	0.099	0.514	0.287	0.013	0.016	0.711	0.614	0.641	0.498	0.602	0.542	0.622	0.570	0.711	0.549	0.023	0.016
3:49:46	0.652	0.132	0.116	0.149	0.116	0.131	0.127	0.101	0.527	0.297	0.013	0.016	0.725	0.633	0.663	0.508	0.619	0.550	0.638	0.585	0.724	0.561	0.021	0.016
3:54:46	0.673	0.133	0.118	0.154	0.116	0.132	0.126	0.102	0.541	0.305	0.013	0.016	0.738	0.651	0.685	0.522	0.635	0.562	0.653	0.601	0.738	0.575	0.021	0.016
3:59:46	0.681	0.135	0.118	0.159	0.116	0.133	0.120	0.103	0.552	0.308	0.013	0.016	0.753	0.665	0.701	0.535	0.651	0.574	0.665	0.614	0.749	0.590	0.021	0.016
4:04:46	0.693	0.134	0.118	0.165	0.115	0.134	0.115	0.103	0.565	0.313	0.012	0.016	0.765	0.681	0.722	0.547	0.665	0.587	0.679	0.625	0.760	0.603	0.020	0.017
4:09:46	0.702	0.139	0.119	0.170	0.115	0.136	0.114	0.106	0.578	0.322	0.013	0.016	0.777	0.695	0.740	0.558	0.680	0.597	0.686	0.639	0.773	0.618	0.021	0.017
4:14:46	0.714	0.141	0.119	0.184	0.115	0.137	0.114	0.107	0.592	0.331	0.013	0.016	0.790	0.709	0.756	0.574	0.693	0.609	0.699	0.649	0.783	0.631	0.021	0.017
4:19:46	0.724	0.141	0.119	0.192	0.116	0.140	0.113	0.109	0.603	0.339	0.012	0.016	0.799	0.722	0.769	0.586	0.705	0.620	0.708	0.663	0.795	0.648	0.021	0.016
4:24:46	0.729	0.142	0.121	0.203	0.114	0.141	0.117	0.112	0.616	0.346	0.013	0.016	0.810	0.734	0.786	0.596	0.716	0.631	0.717	0.673	0.804	0.662	0.022	0.016
4:29:46	0.740	0.147	0.122	0.237	0.115	0.142	0.119	0.112	0.626	0.355	0.012	0.016	0.820	0.747	0.795	0.607	0.729	0.640	0.728	0.685	0.813	0.674	0.021	0.017
4:34:46	0.748	0.146	0.121	0.246	0.115	0.143	0.122	0.117	0.636	0.363	0.013	0.015	0.829	0.759	0.808	0.618	0.742	0.650	0.727	0.696	0.823	0.692	0.023	0.016
4:39:46	0.758	0.145	0.122	0.258	0.114	0.147	0.124	0.117	0.648	0.372	0.013	0.015	0.839	0.770	0.817	0.629	0.752	0.660	0.747	0.707	0.834	0.706	0.021	0.016
4:44:46	0.767	0.149	0.122	0.266	0.116	0.149	0.126	0.121	0.659	0.380	0.013	0.015	0.849	0.777	0.829	0.639	0.763	0.668	0.756	0.715	0.841	0.715	0.020	0.016
4:49:46	0.773	0.152	0.122	0.278	0.114	0.152	0.127	0.123	0.670	0.390	0.014	0.015	0.858	0.787	0.840	0.650	0.772	0.674	0.754	0.726	0.852	0.731	0.021	0.016
4:54:46	0.778	0.152	0.125	0.287	0.114	0.153	0.129	0.125	0.680	0.399	0.014	0.015	0.865	0.796	0.849	0.658	0.782	0.684	0.763	0.737	0.858	0.744	0.022	0.016
4:59:46	0.784	0.155	0.123	0.296	0.113	0.154	0.133	0.126	0.685	0.406	0.013	0.015	0.872	0.805	0.858	0.668	0.792	0.693	0.777	0.745	0.868	0.758	0.022	0.016
5:04:46	0.789	0.160	0.124	0.306	0.114	0.155	0.135	0.128	0.689	0.416	0.013	0.015	0.880	0.813	0.867	0.678	0.800	0.701	0.777	0.752	0.875	0.768	0.022	0.016
5:09:46	0.797	0.163	0.128	0.316	0.113	0.160	0.138	0.129	0.692	0.424	0.012	0.015	0.888	0.822	0.874	0.683	0.811	0.708	0.791	0.764	0.883	0.779	0.022	0.016
5:14:46	0.800	0.163	0.129	0.323	0.114	0.161	0.141	0.131	0.700	0.432	0.012	0.015	0.893	0.833	0.881	0.689	0.818	0.716	0.792	0.770	0.889	0.792	0.022	0.016
5:19:46	0.806	0.160	0.128	0.335	0.114	0.164	0.143	0.132	0.703	0.441	0.012	0.015	0.902	0.840	0.888	0.698	0.828	0.723	0.800	0.778	0.897	0.805	0.022	0.016
5:24:46	0.814	0.169	0.129	0.345	0.114	0.163	0.144	0.133	0.712	0.452	0.013	0.015	0.907	0.847	0.897	0.705	0.836	0.731	0.809	0.786	0.904	0.812	0.021	0.016
5:29:46	0.819	0.174	0.131	0.354	0.115	0.168	0.148	0.133	0.720	0.458	0.013	0.015	0.913	0.857	0.903	0.709	0.843	0.736	0.813	0.794	0.910	0.828	0.021	0.016
5:34:46	0.829	0.175	0.134	0.362	0.115	0.170	0.149	0.135	0.729	0.468	0.012	0.015	0.920	0.864	0.904	0.717	0.853	0.741	0.819	0.805	0.916	0.838	0.021	0.016
5:39:46	0.835	0.181	0.135	0.373	0.116	0.171	0.151	0.136	0.736	0.478	0.012	0.015	0.925	0.870	0.909	0.723	0.862	0.745	0.823	0.813	0.923	0.849	0.021	0.016
5:44:46	0.843	0.184	0.133	0.382	0.117	0.175	0.154	0.137	0.746	0.486	0.013	0.015	0.931	0.877	0.914	0.731	0.867	0.756	0.829	0.819	0.930	0.859	0.021	0.016
5:49:46	0.850	0.189	0.140	0.390	0.118	0.177	0.155	0.138	0.752	0.494	0.013	0.015	0.937	0.885	0.918	0.739	0.873	0.757	0.839	0.828	0.935	0.871	0.020	0.016
5:54:46	0.857	0.190	0.139	0.400	0.119	0.177	0.159	0.141	0.760	0.503	0.013	0.015	0.941	0.890	0.926	0.740	0.881	0.761	0.837	0.835	0.940	0.879	0.021	0.016
5:59:46	0.864	0.195	0.143	0.411	0.120	0.181	0.161	0.142	0.768	0.512	0.012	0.015	0.946	0.898	0.931	0.748	0.888	0.763	0.845	0.843	0.945	0.889	0.020	0.016
6:04:46	0.867	0.197	0.143	0.419	0.122	0.181	0.165	0.144	0.774	0.516	0.012	0.015	0.951	0.902	0.939	0.757	0.893	0.768	0.841	0.849	0.951	0.901	0.022	0.016
6:09:46	0.871	0.201	0.142	0.430	0.122	0.180	0.168	0.146	0.782	0.520	0.012	0.015	0.955	0.906	0.945	0.762	0.901	0.770	0.846	0.856	0.951	0.910	0.020	0.016
6:14:46	0.875	0.213	0.143	0.438	0.124	0.184	0.172	0.148	0.789	0.523	0.012	0.015	0.958	0.913	0.953	0.768	0.905	0.774	0.847	0.864	0.958	0.920	0.021	0.016
6:19:46	0.891	0.218	0.147	0.448	0.126	0.185	0.176	0.150	0.796	0.528	0.012	0.014	0.961	0.920	0.957	0.777	0.908	0.775	0.850	0.865	0.960	0.929	0.021	0.016
6:24:46	0.897	0.223	0.153	0.455	0.128	0.188	0.178	0.151	0.804	0.534	0.012	0.015	0.963	0.926	0.959	0.781	0.912	0.778	0.853	0.873	0.965	0.937	0.020	0.016
6:29:46	0.889	0.228	0.171	0.462	0.130	0.187	0.184	0.154	0.809	0.542	0.012	0.014	0.965	0.930	0.962	0.784	0.918	0.777	0.850	0.877	0.967	0.941	0.021	0.016
6:34:46	0.896	0.234	0.177	0.474	0.134	0.190	0.189	0.157	0.816	0.549	0.013	0.015	0.965	0.935	0.966	0.792	0.921	0.779	0.852	0.883	0.963	0.953	0.022	0.016
6:39:46	0.898	0.246	0.184	0.481	0.135	0.194	0.194	0.162	0.820	0.557	0.013	0.014	0.967	0.940	0.970	0.796	0.927	0.778	0.852	0.885	0.968	0.954	0.021	0.016
6:44:46	0.894	0.268	0.209	0.487	0.138	0.198	0.201	0.165	0.825	0.564	0.012	0.014	0.967	0.945	0.966	0.803	0.931	0.780	0.854	0.888	0.972	0.960	0.022	0.016
6:49:46	0.899	0.272	0.217	0.499	0.142	0.199	0.206	0.168	0.830	0.571	0.013	0.014	0.970	0.950	0.968	0.805	0.932	0.782	0.851	0.890	0.970	0.965	0.022	0.016
6:54:46	0.913	0.301	0.216	0.504	0.145	0.198	0.214	0.172	0.832	0.578	0.013	0.014	0.972	0.954	0.969	0.812	0.934	0.779	0.850	0.891	0.969	0.962	0.022	0.016
6:59:46	0.916	0.316	0.213	0.511	0.148	0.193	0.220	0.176	0.835	0.587	0.013	0.014	0.974	0.959	0.967	0.815	0.935	0.783	0.850	0.894	0.967	0.969	0.022	0.016
7:04:46	0.917	0.341	0.219	0.515	0.153	0.196	0.223	0.180	0.836	0.593	0.012	0.014	0.974	0.963	0.967	0.818	0.937	0.783	0.846	0.888	0.971	0.968	0.020	0.016
7:09:46	0.918	0.374	0.224	0.528	0.157	0.199	0.227	0.182	0.838	0.601	0.012	0.014	0.975	0.967	0.971	0.827	0.938	0.782	0.846	0.893	0.971	0.975	0.021	0.016
7:14:46	0.918	0.345	0.228	0.533	0.162	0.204	0.232	0.187	0.839	0.608	0.012	0.014	0.975	0.971	0.972	0.830	0.939	0.784	0.843	0.894	0.969	0.977	0.019	0.016
7:19:46	0.913	0.351	0.234	0.541	0.165	0.208	0.236	0.193	0.841	0.614	0.013	0.014	0.976	0.975	0.967	0.830	0.939	0.784	0.844	0.891	0.971	0.977	0.021	0.016
7:24:46	0.914	0.365	0.236	0.550	0.171	0.211	0.239	0.196	0.842	0.622	0.012	0.014	0.977	0.977	0.969	0.832	0.939	0.782	0.844	0.896	0.973	0.981	0.021	0.016
7:29:46	0.916	0.379	0.243	0.556	0.177	0.213	0.244	0.200	0.843	0.630	0.012	0.014	0.979	0.980	0.968	0.839	0.940	0.783	0.841	0.894	0.970	0.986	0.020	0.016
7:34:46	0.926	0.388	0.246	0.562	0.183	0.215	0.249	0.205	0.846	0.635	0.012	0.014	0.979	0.983	0.966	0.839	0.939	0.785	0.842	0.895	0.971	0.984	0.020	0.016
7:39:46	0.928	0.392	0.255	0.571	0.190	0.218	0.254	0.210	0.845	0.640	0.012	0.014	0.978	0.986	0.963	0.843	0.941	0.784	0.843	0.893	0.974	0.988	0.019	0.016
7:44:46	0.928	0.396	0.263	0.575	0.198	0.220	0.258	0.214	0.845	0.650	0.013	0.014	0.979	0.988	0.963	0.844	0.942	0.784	0.843	0.895	0.976	0.996	0.019	0.016
7:49:46	0.933	0.401	0.272	0.584	0.205	0.221	0.264	0.221	0.846	0.653	0.013	0.014	0.980	0.989	0.963	0.842	0.944	0.782	0.842	0.897	0.975	0.993	0.021	0.016
7:54:46	0.933	0.405	0.280	0.585	0.215	0.222	0.269	0.225	0.847	0.659	0.012	0.014	0.980	0.990	0.963	0.843	0.944	0.783	0.843	0.897	0.975	0.989	0.021	0.016
7:59:46	0.935	0.409	0.287	0.590	0.224	0.223	0.275	0.230	0.848	0.664	0.012	0.014	0.979	0.993	0.962	0.842	0.945	0.784	0.841	0.895	0.977	0.995	0.020	0.016
8:04:46	0.934	0.417	0.296	0.591	0.236	0.226	0.283	0.236	0.849	0.669	0.012	0.014	0.979	0.991	0.965	0.846	0.945	0.782	0.845	0.899	0.976	0.995	0.020	0.016
8:09:46	0.939	0.429	0.305	0.594	0.249	0.228	0.289	0.241	0.849	0.676	0.013	0.013	0.980	0.995	0.964	0.844	0.947	0.783	0.843	0.898	0.977	0.996	0.020	0.016
8:14:46	0.934	0.435	0.313	0.603	0.258	0.230	0.294	0.248	0.849	0.682	0.011	0.014	0.980	0.995	0.967	0.844	0.945	0.782	0.844	0.899	0.974	1.001	0.020	0.016
8:19:46	0.939	0.447	0.321	0.609	0.271	0.233	0.302	0.255	0.850	0.686	0.013	0.014	0.979	0.994	0.965	0.842	0.949	0.781	0.843	0.900	0.974	1.007	0.019	0.016
8:24:46	0.942	0.460	0.330	0.610	0.287	0.235	0.309	0.261	0.850	0.690	0.012	0.014	0.980	0.998	0.968	0.847	0.949	0.780	0.843	0.899	0.975	1.012	0.020	0.016
8:29:46	0.940	0.468	0.342	0.617	0.301	0.239	0.317	0.267	0.850	0.697	0.012	0.014	0.979	0.996	0.971	0.850	0.950	0.779	0.844	0.899	0.975	1.011	0.020	0.015
8:34:46	0.943	0.477	0.343	0.620	0.308	0.242	0.321	0.275	0.853	0.700	0.012	0.013	0.981	0.998	0.971	0.848	0.951	0.778	0.842	0.904	0.978	1.011	0.019	0.016
8:39:46	0.938	0.486	0.355	0.626	0.315	0.247	0.323	0.281	0.855	0.704	0.012	0.013	0.979	1.001	0.971	0.846	0.952	0.780	0.842	0.906	0.982	1.014	0.020	0.016
8:44:46	0.942	0.499	0.362	0.635	0.322	0.250	0.327	0.289	0.859	0.705	0.013	0.013	0.979	1.003	0.972	0.847	0.951	0.779	0.840	0.903	0.981	1.003	0.020	0.015
8:49:46	0.938	0.503	0.373	0.641	0.332	0.254	0.333	0.297	0.860	0.708	0.013	0.013	0.979	1.003	0.974	0.850	0.954	0.777	0.841	0.902	0.981	1.017	0.019	0.016
8:54:46	0.930	0.510	0.342	0.644	0.345	0.258	0.339	0.305	0.860	0.710	0.014	0.013	0.979	1.003	0.973	0.847	0.956	0.777	0.840	0.904	0.980	1.019	0.020	0.016
8:59:46	0.935	0.524	0.379	0.650	0.354	0.263	0.348	0.312	0.861	0.710	0.014	0.013	0.979	1.005	0.972	0.846	0.955	0.778	0.842	0.907	0.980	1.015	0.022	0.016
9:04:46	0.928	0.538	0.361	0.662	0.364	0.269	0.355	0.320	0.865	0.712	0.013	0.013	0.979	1.007	0.975	0.848	0.954	0.778	0.842	0.908	0.981	1.022	0.021	0.015
9:09:46	0.931	0.542	0.443	0.679	0.378	0.273	0.362	0.329	0.864	0.713	0.014	0.013	0.978	1.007	0.975	0.847	0.957	0.777	0.842	0.908	0.982	1.035	0.020	0.016
9:14:46	0.920	0.554	0.376	0.671	0.390	0.278	0.373	0.336	0.863	0.714	0.012	0.013	0.979	1.008	0.978	0.850	0.958	0.779	0.843	0.909	0.982	1.028	0.019	0.016
9:19:46	0.922	0.566	0.478	0.668	0.398	0.282	0.379	0.345	0.868	0.714	0.012	0.013	0.978	1.008	0.976	0.848	0.956	0.777	0.841	0.912	0.983	1.016	0.020	0.015
9:24:46	0.919	0.572	0.462	0.700	0.407	0.287	0.387	0.354	0.866	0.715	0.012	0.013	0.978	1.009	0.977	0.844	0.957	0.778	0.841	0.910	0.984	1.031	0.019	0.015
9:29:46	0.919	0.585	0.458	0.678	0.417	0.291	0.395	0.364	0.864	0.717	0.013	0.013	0.978	1.009	0.977	0.845	0.958	0.777	0.840	0.911	0.984	1.029	0.021	0.015
9:34:46	0.943	0.590	0.453	0.682	0.427	0.295	0.404	0.369	0.868	0.717	0.012	0.013	0.977	1.010	0.981	0.848	0.957	0.779	0.840	0.915	0.984	1.038	0.020	0.015
9:39:46	0.925	0.600	0.492	0.693	0.436	0.301	0.413	0.379	0.871	0.717	0.013	0.013	0.978	1.012	0.981	0.845	0.957	0.776	0.840	0.912	0.985	1.032	0.020	0.015
9:44:46	0.924	0.612	0.500	0.691	0.444	0.307	0.421	0.387	0.870	0.718	0.013	0.013	0.977	1.010	0.980	0.842	0.958	0.778	0.841	0.915	0.986	1.029	0.022	0.015
9:49:46	0.917	0.620	0.480	0.707	0.453	0.310	0.428	0.396	0.866	0.719	0.013	0.013	0.977	1.011	0.979	0.844	0.958	0.777	0.844	0.915	0.985	1.042	0.021	0.015
9:54:46	0.925	0.629	0.483	0.726	0.463	0.314	0.436	0.404	0.868	0.721	0.013	0.013	0.978	1.010	0.981	0.844	0.957	0.777	0.843	0.914	0.986	1.040	0.022	0.015
9:59:46	0.915	0.638	0.496	0.734	0.470	0.319	0.445	0.412	0.866	0.720	0.012	0.012	0.977	1.012	0.980	0.844	0.958	0.776	0.846	0.916	0.985	1.029	0.020	0.015
10:04:46	0.918	0.644	0.503	0.758	0.480	0.325	0.452	0.417	0.869	0.721	0.012	0.012	0.977	1.011	0.980	0.843	0.958	0.777	0.838	0.917	0.987	1.052	0.019	0.016
10:09:46	0.924	0.653	0.504	0.772	0.484	0.328	0.458	0.427	0.869	0.722	0.013	0.012	0.977	1.010	0.981	0.843	0.958	0.776	0.844	0.914	0.986	1.045	0.019	0.016
10:14:46	0.925	0.657	0.496	0.733	0.488	0.334	0.464	0.432	0.870	0.722	0.013	0.012	0.977	1.011	0.981	0.842	0.956	0.775	0.843	0.915	0.988	1.051	0.020	0.016
10:19:46	0.923	0.665	0.506	0.746	0.493	0.336	0.473	0.438	0.872	0.723	0.013	0.012	0.976	1.010	0.982	0.845	0.958	0.777	0.842	0.914	0.988	1.039	0.020	0.016
10:24:46	0.930	0.672	0.491	0.750	0.498	0.340	0.480	0.442	0.870	0.723	0.014	0.012	0.977	1.011	0.982	0.843	0.958	0.773	0.842	0.916	0.988	1.057	0.022	0.015
10:29:46	0.920	0.672	0.487	0.756	0.504	0.345	0.485	0.444	0.871	0.723	0.012	0.012	0.977	1.010	0.981	0.842	0.961	0.774	0.840	0.911	0.987	1.043	0.021	0.015
10:34:46	0.927	0.674	0.499	0.762	0.513	0.350	0.494	0.447	0.874	0.724	0.012	0.012	0.977	1.010	0.981	0.844	0.959	0.774	0.841	0.913	0.989	1.054	0.021	0.015
10:39:46	0.922	0.681	0.514	0.752	0.519	0.353	0.501	0.452	0.871	0.723	0.012	0.013	0.976	1.010	0.982	0.842	0.959	0.773	0.841	0.914	0.989	1.059	0.020	0.015
10:44:46	0.927	0.687	0.534	0.757	0.526	0.358	0.508	0.458	0.871	0.725	0.013	0.012	0.977	1.012	0.979	0.842	0.960	0.773	0.841	0.918	0.989	1.047	0.021	0.016
10:49:46	0.930	0.693	0.605	0.738	0.536	0.361	0.514	0.463	0.872	0.725	0.013	0.012	0.976	1.009	0.981	0.842	0.961	0.773	0.840	0.914	0.989	1.061	0.021	0.015
10:54:46	0.933	0.687	0.613	0.716	0.545	0.367	0.519	0.470	0.872	0.725	0.013	0.012	0.976	1.009	0.981	0.841	0.961	0.773	0.841	0.917	0.990	1.064	0.020	0.016
10:59:46	0.942	0.693	0.662	0.745	0.552	0.369	0.528	0.476	0.875	0.723	0.013	0.012	0.975	1.010	0.980	0.841	0.961	0.772	0.842	0.916	0.991	1.063	0.020	0.015
11:04:46	0.940	0.691	0.660	0.723	0.561	0.375	0.534	0.481	0.877	0.724	0.013	0.012	0.976	1.011	0.980	0.841	0.961	0.772	0.839	0.916	0.990	1.067	0.020	0.015
11:09:46	0.932	0.698	0.655	0.724	0.568	0.378	0.540	0.489	0.877	0.725	0.013	0.012	0.976	1.009	0.981	0.843	0.963	0.771	0.839	0.919	0.989	1.046	0.019	0.015
11:14:46	0.940	0.697	0.587	0.731	0.578	0.381	0.544	0.493	0.877	0.724	0.013	0.012	0.975	1.009	0.980	0.842	0.961	0.772	0.839	0.920	0.990	1.050	0.020	0.015
11:19:46	0.946	0.702	0.596	0.771	0.585	0.386	0.550	0.501	0.877	0.724	0.014	0.012	0.975	1.009	0.981	0.841	0.961	0.770	0.839	0.920	0.990	1.053	0.021	0.015
11:24:46	0.937	0.700	0.609	0.763	0.594	0.390	0.554	0.507	0.881	0.724	0.013	0.012	0.975	1.010	0.981	0.839	0.961	0.771	0.840	0.919	0.991	1.073	0.019	0.015
11:29:46	0.940	0.702	0.616	0.777	0.602	0.393	0.560	0.513	0.880	0.726	0.013	0.012	0.974	1.010	0.980	0.841	0.961	0.770	0.840	0.919	0.989	1.070	0.019	0.015
11:34:46	0.945	0.711	0.627	0.743	0.607	0.398	0.565	0.521	0.881	0.726	0.013	0.012	0.975	1.009	0.981	0.841	0.962	0.770	0.840	0.921	0.990	1.073	0.019	0.015
11:39:46	0.938	0.707	0.637	0.749	0.615	0.401	0.571	0.525	0.880	0.725	0.013	0.012	0.975	1.010	0.981	0.839	0.961	0.772	0.842	0.920	0.989	1.074	0.020	0.015
11:44:46	0.938	0.715	0.638	0.743	0.621	0.407	0.577	0.530	0.881	0.725	0.014	0.012	0.975	1.009	0.981	0.837	0.961	0.770	0.840	0.921	0.991	1.069	0.021	0.015
11:49:46	0.939	0.717	0.643	0.732	0.624	0.412	0.579	0.539	0.880	0.727	0.014	0.012	0.976	1.010	0.980	0.840	0.960	0.769	0.840	0.920	0.988	1.066	0.020	0.015
11:54:46	0.933	0.715	0.656	0.816	0.634	0.412	0.585	0.543	0.880	0.727	0.014	0.012	0.976	1.009	0.980	0.839	0.959	0.770	0.840	0.918	0.988	1.064	0.019	0.015
11:59:46	0.935	0.721	0.611	0.773	0.639	0.415	0.592	0.549	0.884	0.728	0.013	0.012	0.977	1.008	0.980	0.838	0.961	0.770	0.839	0.918	0.990	1.070	0.019	0.015
12:04:46	0.942	0.731	0.617	0.757	0.644	0.419	0.595	0.554	0.879	0.728	0.014	0.012	0.976	1.010	0.981	0.833	0.961	0.767	0.839	0.923	0.991	1.073	0.020	0.015

